tms_loading,date_loading,id_vendor,vendor,os,brand,model,price,original_price,ram,memory,sim,gps,a_gps,color,display_type,display_size,carrier,battery_capacity,height,width,length,weight,price_range,discount,flag_discount,discount_perc,discount_range
2020-08-07 14:25:21.555577,2020-08-07,2,Unieuro,iOS,APPLE,iPhone 11 128,799.0,889.0,,128.0,Dual SIM,Si,Si,Black,LCD,6.1,No,,150.9,75.7,8.3,194.0,7,90.0,1,10.0,1
2020-08-07 14:26:02.493044,2020-08-07,2,Unieuro,iOS,APPLE,iPhone XS Max 64GB Grigio siderale,749.0,1289.0,,64.0,Dual SIM,Si,Si,Grey,OLED,6.5,No,,157.5,77.4,7.7,208.0,7,540.0,1,42.0,5
2020-08-07 14:26:43.350360,2020-08-07,2,Unieuro,iOS,APPLE,iPhone XR 256GB Nero,759.0,899.0,,256.0,Dual SIM,Si,Si,Black,LCD,6.1,No,,150.9,75.7,8.3,194.0,7,140.0,1,16.0,2
2020-08-07 14:27:20.581299,2020-08-07,2,Unieuro,iOS,APPLE,iPhone 11 128,799.0,889.0,,128.0,Dual SIM,Si,Si,White,LCD,6.1,No,,150.9,75.7,8.3,194.0,7,90.0,1,10.0,1
2020-08-07 14:28:00.444050,2020-08-07,2,Unieuro,iOS,APPLE,iPhone SE,539.0,549.0,,128.0,Dual SIM ibrida,Si,N.d,Black,IPS,4.7,No,,138.4,67.3,7.3,148.0,5,10.0,1,2.0,1
2020-08-07 14:28:32.831070,2020-08-07,2,Unieuro,iOS,APPLE,iPhone SE,479.0,499.0,,64.0,Dual SIM ibrida,Si,N.d,Black,IPS,4.7,No,,138.4,67.3,7.3,148.0,4,20.0,1,4.0,1
2020-08-07 14:29:06.977065,2020-08-07,2,Unieuro,iOS,APPLE,iPhone 11 128,799.0,889.0,,128.0,Dual SIM,Si,Si,Purple,LCD,6.1,No,,150.9,75.7,8.3,194.0,7,90.0,1,10.0,1
2020-08-07 14:29:46.730604,2020-08-07,2,Unieuro,iOS,APPLE,iPhone SE,534.0,549.0,,128.0,Dual SIM ibrida,Si,N.d,White,IPS,4.7,No,,138.4,67.3,7.3,148.0,5,15.0,1,3.0,1
2020-08-07 14:30:22.663297,2020-08-07,2,Unieuro,iOS,APPLE,iPhone SE,479.0,499.0,,64.0,Dual SIM ibrida,Si,N.d,White,IPS,4.7,No,,138.4,67.3,7.3,148.0,4,20.0,1,4.0,1
2020-08-07 14:30:58.809505,2020-08-07,2,Unieuro,iOS,APPLE,iPhone XS Max,799.0,1289.0,,64.0,Dual SIM,Si,Si,Grey,OLED,6.5,No,,157.5,77.4,7.7,208.0,7,490.0,1,38.0,4
2020-08-07 14:31:41.253530,2020-08-07,2,Unieuro,iOS,APPLE,iPhone 11 Pro Max 64,1099.0,1289.0,,64.0,Dual SIM,Si,Si,Grey,OLED,6.5,No,,158.0,77.8,8.1,226.0,9,190.0,1,15.0,2
2020-08-07 14:32:24.040221,2020-08-07,2,Unieuro,iOS,APPLE,iPhone 11 Pro Max 256,1306.0,1459.0,,256.0,Dual SIM,Si,Si,Grey,OLED,6.5,No,,158.0,77.8,8.1,226.0,9,153.0,1,10.0,1
2020-08-07 14:33:03.671168,2020-08-07,2,Unieuro,iOS,APPLE,iPhone 11 128,799.0,889.0,,128.0,Dual SIM,Si,Si,Red,LCD,6.1,No,,150.9,75.7,8.3,194.0,7,90.0,1,10.0,1
2020-08-07 14:33:37.181614,2020-08-07,2,Unieuro,iOS,APPLE,iPhone 11 64,779.0,839.0,,64.0,Dual SIM,Si,Si,Black,LCD,6.1,No,,150.9,75.7,8.3,194.0,7,60.0,1,7.000000000000001,1
2020-08-07 14:34:10.727570,2020-08-07,2,Unieuro,iOS,APPLE,iPhone 11 64,779.0,839.0,,64.0,Dual SIM,Si,Si,Purple,LCD,6.1,No,,150.9,75.7,8.3,194.0,7,60.0,1,7.000000000000001,1
2020-08-07 14:34:54.084984,2020-08-07,2,Unieuro,iOS,APPLE,iPhone 11 Pro Max 256,1306.0,1459.0,,256.0,Dual SIM,Si,Si,Gold,OLED,6.5,No,,158.0,77.8,8.1,226.0,9,153.0,1,10.0,1
2020-08-07 14:35:32.550137,2020-08-07,2,Unieuro,iOS,APPLE,iPhone 11 Pro 64,1049.0,1189.0,,64.0,Dual SIM,Si,Si,Grey,OLED,5.8,No,,144.0,71.4,8.1,188.0,9,140.0,1,12.0,2
2020-08-07 14:36:10.954654,2020-08-07,2,Unieuro,iOS,APPLE,iPhone XR 256GB Blu,759.0,899.0,,256.0,Dual SIM,Si,Si,Blue,LCD,6.1,No,,150.9,75.7,8.3,194.0,7,140.0,1,16.0,2
2020-08-07 14:36:47.221468,2020-08-07,2,Unieuro,iOS,APPLE,iPhone 11 128,799.0,889.0,,128.0,Dual SIM,Si,Si,Green,LCD,6.1,No,,150.9,75.7,8.3,194.0,7,90.0,1,10.0,1
2020-08-07 14:37:23.221491,2020-08-07,2,Unieuro,iOS,APPLE,iPhone 11 Pro Max 256,1305.0,1459.0,,256.0,Dual SIM,Si,Si,Silver,OLED,6.5,No,,158.0,77.8,8.1,226.0,9,154.0,1,11.0,2
2020-08-07 14:38:00.458780,2020-08-07,2,Unieuro,iOS,APPLE,iPhone SE,479.0,499.0,,64.0,Dual SIM ibrida,Si,N.d,Red,IPS,4.7,No,,138.4,67.3,7.3,148.0,4,20.0,1,4.0,1
2020-08-07 14:38:27.690912,2020-08-07,2,Unieuro,iOS,APPLE,iPhone 11 64,779.0,839.0,,64.0,Dual SIM,Si,Si,White,LCD,6.1,No,,150.9,75.7,8.3,194.0,7,60.0,1,7.000000000000001,1
2020-08-07 14:39:10.207767,2020-08-07,2,Unieuro,iOS,APPLE,iPhone 11 Pro 256,1199.0,1359.0,,256.0,Dual SIM,Si,Si,Grey,OLED,5.8,No,,144.0,71.4,8.1,188.0,9,160.0,1,12.0,2
2020-08-07 14:39:50.412385,2020-08-07,2,Unieuro,iOS,APPLE,iPhone 11 Pro 256,1199.0,1359.0,,256.0,Dual SIM,Si,Si,Green,OLED,5.8,No,,144.0,71.4,8.1,188.0,9,160.0,1,12.0,2
2020-08-07 14:40:32.605460,2020-08-07,2,Unieuro,iOS,APPLE,iPhone 11 Pro Max 64,1099.0,1289.0,,64.0,Dual SIM,Si,Si,Gold,OLED,6.5,No,,158.0,77.8,8.1,226.0,9,190.0,1,15.0,2
2020-08-07 14:41:13.505617,2020-08-07,2,Unieuro,iOS,APPLE,iPhone 11 Pro 64,1041.0,1189.0,,64.0,Dual SIM,Si,Si,Green,OLED,5.8,No,,144.0,71.4,8.1,188.0,9,148.0,1,12.0,2
2020-08-07 14:41:53.143828,2020-08-07,2,Unieuro,iOS,APPLE,iPhone 11 Pro 64,1049.0,1189.0,,64.0,Dual SIM,Si,Si,Silver,OLED,5.8,No,,144.0,71.4,8.1,188.0,9,140.0,1,12.0,2
2020-08-07 14:42:32.868186,2020-08-07,2,Unieuro,iOS,APPLE,iPhone 11 Pro 256,1199.0,1359.0,,256.0,Dual SIM,Si,Si,Silver,OLED,5.8,No,,144.0,71.4,8.1,188.0,9,160.0,1,12.0,2
2020-08-07 14:43:10.789037,2020-08-07,2,Unieuro,iOS,APPLE,iPhone 11 Pro 64,1049.0,1189.0,,64.0,Dual SIM,Si,Si,Gold,OLED,5.8,No,,144.0,71.4,8.1,188.0,9,140.0,1,12.0,2
2020-08-07 14:43:53.244557,2020-08-07,2,Unieuro,iOS,APPLE,iPhone 11 Pro Max 256,1329.0,1459.0,,256.0,Dual SIM,Si,Si,Green,OLED,6.5,No,,158.0,77.8,8.1,226.0,9,130.0,1,9.0,1
2020-08-07 14:44:30.289435,2020-08-07,2,Unieuro,iOS,APPLE,iPhone 11 Pro Max 64,1099.0,1289.0,,64.0,Dual SIM,Si,Si,Green,OLED,6.5,No,,158.0,77.8,8.1,226.0,9,190.0,1,15.0,2
2020-08-07 14:45:06.904016,2020-08-07,2,Unieuro,iOS,APPLE,iPhone 11 64,779.0,839.0,,64.0,Dual SIM,Si,Si,Red,LCD,6.1,No,,150.9,75.7,8.3,194.0,7,60.0,1,7.000000000000001,1
2020-08-07 14:45:44.494807,2020-08-07,2,Unieuro,iOS,APPLE,iPhone 11 Pro Max 64,1099.0,1289.0,,64.0,Dual SIM,Si,Si,Silver,OLED,6.5,No,,158.0,77.8,8.1,226.0,9,190.0,1,15.0,2
2020-08-07 14:46:28.618250,2020-08-07,2,Unieuro,iOS,APPLE,iPhone XR 64GB Nero,669.0,739.0,,64.0,Dual SIM,Si,Si,Black,LCD,6.1,No,,150.9,75.7,8.3,194.0,6,70.0,1,9.0,1
2020-08-07 14:47:04.019321,2020-08-07,2,Unieuro,iOS,APPLE,iPhone 11 Pro 256,1199.0,1359.0,,256.0,Dual SIM,Si,Si,Gold,OLED,5.8,No,,144.0,71.4,8.1,188.0,9,160.0,1,12.0,2
2020-08-07 14:47:41.565905,2020-08-07,2,Unieuro,iOS,APPLE,iPhone XR 128GB Blu,729.0,789.0,,128.0,Dual SIM,Si,Si,Blue,LCD,6.1,No,,150.9,75.7,8.3,194.0,7,60.0,1,8.0,1
2020-08-07 14:48:24.954781,2020-08-07,2,Unieuro,iOS,APPLE,iPhone 11 64,779.0,839.0,,64.0,Dual SIM,Si,Si,Yellow,LCD,6.1,No,,150.9,75.7,8.3,194.0,7,60.0,1,7.000000000000001,1
2020-08-07 14:49:02.637696,2020-08-07,2,Unieuro,iOS,APPLE,iPhone XR 128GB Corallo,729.0,789.0,,128.0,Dual SIM,Si,Si,Coral,LCD,6.1,No,,150.9,75.7,8.3,194.0,7,60.0,1,8.0,1
2020-08-07 14:49:38.237352,2020-08-07,2,Unieuro,iOS,APPLE,iPhone 11 64,779.0,839.0,,64.0,Dual SIM,Si,Si,Green,LCD,6.1,No,,150.9,75.7,8.3,194.0,7,60.0,1,7.000000000000001,1
2020-08-07 14:50:17.762480,2020-08-07,2,Unieuro,iOS,APPLE,iPhone XR 64GB Bianco,669.0,739.0,,64.0,Dual SIM,Si,Si,White,LCD,6.1,No,,150.9,75.7,8.3,194.0,6,70.0,1,9.0,1
2020-08-07 14:50:54.726999,2020-08-07,2,Unieuro,iOS,APPLE,iPhone XR 128GB Bianco,729.0,789.0,,128.0,Dual SIM,Si,Si,White,LCD,6.1,No,,150.9,75.7,8.3,194.0,7,60.0,1,8.0,1
2020-08-07 14:51:35.785289,2020-08-07,2,Unieuro,iOS,APPLE,iPhone XR 64GB Blu,669.0,739.0,,64.0,Dual SIM,Si,Si,Blue,LCD,6.1,No,,150.9,75.7,8.3,194.0,6,70.0,1,9.0,1
2020-08-07 14:52:14.283936,2020-08-07,2,Unieuro,iOS,APPLE,iPhone XR 128GB Nero,729.0,789.0,,128.0,Dual SIM,Si,Si,Black,LCD,6.1,No,,150.9,75.7,8.3,194.0,7,60.0,1,8.0,1
2020-08-07 14:52:55.239603,2020-08-07,2,Unieuro,iOS,APPLE,iPhone XR 64GB Giallo,669.0,739.0,,64.0,Dual SIM,Si,Si,Yellow,LCD,6.1,No,,150.9,75.7,8.3,194.0,6,70.0,1,9.0,1
2020-08-07 14:53:35.174217,2020-08-07,2,Unieuro,iOS,APPLE,iPhone XR 64GB Corallo,679.0,739.0,,64.0,Dual SIM,Si,Si,Coral,LCD,6.1,No,,150.9,75.7,8.3,194.0,6,60.0,1,8.0,1
2020-08-07 14:54:09.259405,2020-08-07,2,Unieuro,iOS,APPLE,iPhone XR 128GB RED,729.0,789.0,,128.0,Dual SIM,Si,Si,Red,LCD,6.1,No,,150.9,75.7,8.3,194.0,7,60.0,1,8.0,1
2020-08-07 14:54:46.291013,2020-08-07,2,Unieuro,iOS,APPLE,iPhone XR 128GB Giallo,729.0,789.0,,128.0,Dual SIM,Si,Si,Yellow,LCD,6.1,No,,150.9,75.7,8.3,194.0,7,60.0,1,8.0,1
2020-08-07 14:55:27.981427,2020-08-07,2,Unieuro,iOS,APPLE,iPhone 11 128,799.0,889.0,,128.0,Dual SIM,Si,Si,Yellow,LCD,6.1,No,,150.9,75.7,8.3,194.0,7,90.0,1,10.0,1
2020-08-07 14:56:10.307767,2020-08-07,2,Unieuro,iOS,APPLE,iPhone XR 64GB RED,669.0,739.0,,64.0,Dual SIM,Si,Si,Red,LCD,6.1,No,,150.9,75.7,8.3,194.0,6,70.0,1,9.0,1
2020-08-07 14:56:47.048751,2020-08-07,2,Unieuro,iOS,APPLE,iPhone SE,559.0,559.0,,128.0,Dual SIM ibrida,Si,N.d,White,IPS,4.7,No,,138.4,67.3,7.3,148.0,5,0.0,0,0.0,1
2020-08-07 14:57:18.257335,2020-08-07,2,Unieuro,iOS,APPLE,iPhone SE,539.0,555.34,,128.0,Dual SIM ibrida,Si,N.d,Red,IPS,4.7,No,,138.4,67.3,7.3,148.0,5,16.340000000000032,1,3.0,1
2020-08-07 14:57:51.299191,2020-08-07,2,Unieuro,iOS,APPLE,iPhone XS Max 256GB Oro,899.0,1459.0,,256.0,Dual SIM,Si,Si,Gold,OLED,6.5,No,,157.5,77.4,7.7,208.0,8,560.0,1,38.0,4
2020-08-07 14:58:32.613260,2020-08-07,2,Unieuro,iOS,APPLE,iPhone XS Max 64GB Argento,799.0,1289.0,,64.0,Dual SIM,Si,Si,Silver,OLED,6.5,No,,157.5,77.4,7.7,208.0,7,490.0,1,38.0,4
2020-08-07 14:59:10.672740,2020-08-07,2,Unieuro,iOS,APPLE,iPhone XS Max 64GB Oro,799.0,1289.0,,64.0,Dual SIM,Si,Si,Gold,OLED,6.5,No,,157.5,77.4,7.7,208.0,7,490.0,1,38.0,4
2020-08-07 14:59:51.872473,2020-08-07,2,Unieuro,iOS,APPLE,iPhone XS Max 256GB Argento,899.0,1459.0,,256.0,Dual SIM,Si,Si,Silver,OLED,6.5,No,,157.5,77.4,7.7,208.0,8,560.0,1,38.0,4
2020-08-07 15:00:34.102572,2020-08-07,2,Unieuro,iOS,APPLE,iPhone XS Max,899.0,1459.0,,256.0,Dual SIM,Si,Si,Grey,OLED,6.5,No,,157.5,77.4,7.7,208.0,8,560.0,1,38.0,4
2020-08-07 15:01:09.935739,2020-08-07,2,Unieuro,iOS,APPLE,iPhone XS Max 512GB Argento,999.0,1589.0,,512.0,Dual SIM,Si,Si,Silver,OLED,6.5,No,,157.5,77.4,7.7,208.0,9,590.0,1,37.0,4
2020-08-07 15:01:47.240600,2020-08-07,2,Unieuro,iOS,APPLE,iPhone 8 Plus 64GB Argento,599.0,679.0,,64.0,Mono SIM,Si,Si,Silver,IPS,5.5,No,,158.4,78.1,7.5,202.0,5,80.0,1,12.0,2
2020-08-07 15:02:32.521910,2020-08-07,2,Unieuro,iOS,APPLE,iPhone XR,699.0,729.9,,64.0,Dual SIM,Si,Si,Black,LCD,6.1,No,,150.9,75.7,8.3,194.0,6,30.899999999999977,1,4.0,1
2020-08-07 15:03:08.309431,2020-08-07,2,Unieuro,iOS,APPLE,iPhone 11 256,999.0,999.0,,256.0,Dual SIM,Si,Si,Red,LCD,6.1,No,,150.9,75.7,8.3,194.0,9,0.0,0,0.0,1
2020-08-07 15:03:45.949832,2020-08-07,2,Unieuro,iOS,APPLE,iPhone 7 32GB Nero opaco,359.0,399.0,2,32.0,Mono SIM,Si,Si,Black,IPS,4.7,No,1960.0,138.3,67.1,7.1,138.0,3,40.0,1,10.0,1
2020-08-07 15:04:33.634732,2020-08-07,2,Unieuro,iOS,APPLE,iPhone 8,499.0,499.0,,64.0,Mono SIM,Si,Si,Black,IPS,4.7,TIM,,138.4,67.3,7.3,148.0,4,0.0,0,0.0,1
2020-08-07 15:05:18.274826,2020-08-07,2,Unieuro,iOS,APPLE,iPhone XS,739.0,739.0,,64.0,Dual SIM,Si,Si,Grey,OLED,5.8,No,,143.6,70.9,7.7,177.0,7,0.0,0,0.0,1
2020-08-07 15:06:00.458363,2020-08-07,2,Unieuro,iOS,APPLE,iPhone 7 32GB Argento,359.0,399.0,2,32.0,Mono SIM,Si,Si,Silver,IPS,4.7,No,1960.0,138.3,67.1,7.1,138.0,3,40.0,1,10.0,1
2020-08-07 15:06:41.757410,2020-08-07,2,Unieuro,iOS,APPLE,iPhone XS 64GB Oro,739.0,739.0,,64.0,Dual SIM,Si,Si,Gold,OLED,5.8,No,,143.6,70.9,7.7,177.0,7,0.0,0,0.0,1
2020-08-07 15:07:24.684180,2020-08-07,2,Unieuro,iOS,APPLE,iPhone XS,739.0,739.0,,64.0,Dual SIM,Si,Si,Silver,OLED,5.8,No,,143.6,70.9,7.7,177.0,7,0.0,0,0.0,1
2020-08-07 15:08:05.456298,2020-08-07,2,Unieuro,iOS,APPLE,iPhone X 64GB Grigio siderale,649.0,649.0,,64.0,Mono SIM,Si,Si,Grey,OLED,5.8,No,,143.6,70.9,7.7,174.0,6,0.0,0,0.0,1
2020-08-07 15:08:43.959119,2020-08-07,2,Unieuro,iOS,APPLE,iPhone XS Max 512GB Grigio siderale,999.0,1589.0,,512.0,Dual SIM,Si,Si,Grey,OLED,6.5,No,,157.5,77.4,7.7,208.0,9,590.0,1,37.0,4
2020-08-07 15:09:21.521159,2020-08-07,2,Unieuro,iOS,APPLE,iPhone 7 32GB 4G 32GB Nero,359.0,399.0,2,32.0,Mono SIM,Si,Si,Black,IPS,4.7,No,1960.0,138.3,67.1,7.1,138.0,3,40.0,1,10.0,1
2020-08-07 15:09:58.470371,2020-08-07,2,Unieuro,iOS,APPLE,iPhone XS,849.0,849.0,,256.0,Dual SIM,Si,Si,Silver,OLED,5.8,No,,143.6,70.9,7.7,177.0,8,0.0,0,0.0,1
2020-08-07 15:10:32.893350,2020-08-07,2,Unieuro,iOS,APPLE,iPhone XS,849.0,849.0,,256.0,Dual SIM,Si,Si,Gold,OLED,5.8,No,,143.6,70.9,7.7,177.0,8,0.0,0,0.0,1
2020-08-05 16:12:31.752880,2020-08-05,2,Unieuro,iOS,APPLE,iPhone 11 128,799.0,889.0,,128.0,Dual SIM,Si,Si,Black,LCD,6.1,No,,150.9,75.7,8.3,194.0,7,90.0,1,10.0,1
2020-08-05 16:13:16.960835,2020-08-05,2,Unieuro,iOS,APPLE,iPhone XS Max 64GB Grigio siderale,749.0,1289.0,,64.0,Dual SIM,Si,Si,Grey,OLED,6.5,No,,157.5,77.4,7.7,208.0,7,540.0,1,42.0,5
2020-08-05 16:14:06.035675,2020-08-05,2,Unieuro,iOS,APPLE,iPhone 11 128,799.0,889.0,,128.0,Dual SIM,Si,Si,White,LCD,6.1,No,,150.9,75.7,8.3,194.0,7,90.0,1,10.0,1
2020-08-05 16:14:55.974979,2020-08-05,2,Unieuro,iOS,APPLE,iPhone SE,549.0,549.0,,128.0,Dual SIM ibrida,Si,N.d,Black,IPS,4.7,No,,138.4,67.3,7.3,148.0,5,0.0,0,0.0,1
2020-08-05 16:15:39.260350,2020-08-05,2,Unieuro,iOS,APPLE,iPhone SE,479.0,499.0,,64.0,Dual SIM ibrida,Si,N.d,Black,IPS,4.7,No,,138.4,67.3,7.3,148.0,4,20.0,1,4.0,1
2020-08-05 16:16:19.763750,2020-08-05,2,Unieuro,iOS,APPLE,iPhone XR 256GB Nero,759.0,899.0,,256.0,Dual SIM,Si,Si,Black,LCD,6.1,No,,150.9,75.7,8.3,194.0,7,140.0,1,16.0,2
2020-08-05 16:17:00.959967,2020-08-05,2,Unieuro,iOS,APPLE,iPhone 11 128,799.0,889.0,,128.0,Dual SIM,Si,Si,Purple,LCD,6.1,No,,150.9,75.7,8.3,194.0,7,90.0,1,10.0,1
2020-08-05 16:17:43.981744,2020-08-05,2,Unieuro,iOS,APPLE,iPhone SE,479.0,499.0,,64.0,Dual SIM ibrida,Si,N.d,White,IPS,4.7,No,,138.4,67.3,7.3,148.0,4,20.0,1,4.0,1
2020-08-05 16:18:24.741393,2020-08-05,2,Unieuro,iOS,APPLE,iPhone SE,549.0,549.0,,128.0,Dual SIM ibrida,Si,N.d,White,IPS,4.7,No,,138.4,67.3,7.3,148.0,5,0.0,0,0.0,1
2020-08-05 16:19:07.178579,2020-08-05,2,Unieuro,iOS,APPLE,iPhone XS Max,799.0,1289.0,,64.0,Dual SIM,Si,Si,Grey,OLED,6.5,No,,157.5,77.4,7.7,208.0,7,490.0,1,38.0,4
2020-08-05 16:19:51.658030,2020-08-05,2,Unieuro,iOS,APPLE,iPhone 11 Pro Max 256,1306.0,1459.0,,256.0,Dual SIM,Si,Si,Grey,OLED,6.5,No,,158.0,77.8,8.1,226.0,9,153.0,1,10.0,1
2020-08-05 16:20:36.592524,2020-08-05,2,Unieuro,iOS,APPLE,iPhone 11 Pro Max 64,1099.0,1289.0,,64.0,Dual SIM,Si,Si,Grey,OLED,6.5,No,,158.0,77.8,8.1,226.0,9,190.0,1,15.0,2
2020-08-05 16:21:20.175439,2020-08-05,2,Unieuro,iOS,APPLE,iPhone 11 64,779.0,839.0,,64.0,Dual SIM,Si,Si,Purple,LCD,6.1,No,,150.9,75.7,8.3,194.0,7,60.0,1,7.000000000000001,1
2020-08-05 16:22:03.660271,2020-08-05,2,Unieuro,iOS,APPLE,iPhone 11 128,799.0,889.0,,128.0,Dual SIM,Si,Si,Red,LCD,6.1,No,,150.9,75.7,8.3,194.0,7,90.0,1,10.0,1
2020-08-05 16:22:52.876680,2020-08-05,2,Unieuro,iOS,APPLE,iPhone 11 64,779.0,839.0,,64.0,Dual SIM,Si,Si,Black,LCD,6.1,No,,150.9,75.7,8.3,194.0,7,60.0,1,7.000000000000001,1
2020-08-05 16:23:37.624916,2020-08-05,2,Unieuro,iOS,APPLE,iPhone 11 Pro 64,1044.0,1189.0,,64.0,Dual SIM,Si,Si,Grey,OLED,5.8,No,,144.0,71.4,8.1,188.0,9,145.0,1,12.0,2
2020-08-05 16:24:24.601146,2020-08-05,2,Unieuro,iOS,APPLE,iPhone 11 Pro Max 256,1306.0,1459.0,,256.0,Dual SIM,Si,Si,Gold,OLED,6.5,No,,158.0,77.8,8.1,226.0,9,153.0,1,10.0,1
2020-08-05 16:25:10.447480,2020-08-05,2,Unieuro,iOS,APPLE,iPhone 11 64,779.0,839.0,,64.0,Dual SIM,Si,Si,White,LCD,6.1,No,,150.9,75.7,8.3,194.0,7,60.0,1,7.000000000000001,1
2020-08-05 16:25:57.729136,2020-08-05,2,Unieuro,iOS,APPLE,iPhone 11 128,799.0,889.0,,128.0,Dual SIM,Si,Si,Green,LCD,6.1,No,,150.9,75.7,8.3,194.0,7,90.0,1,10.0,1
2020-08-05 16:26:41.515496,2020-08-05,2,Unieuro,iOS,APPLE,iPhone SE,479.0,499.0,,64.0,Dual SIM ibrida,Si,N.d,Red,IPS,4.7,No,,138.4,67.3,7.3,148.0,4,20.0,1,4.0,1
2020-08-05 16:27:23.268593,2020-08-05,2,Unieuro,iOS,APPLE,iPhone 11 Pro Max 256,1305.0,1459.0,,256.0,Dual SIM,Si,Si,Silver,OLED,6.5,No,,158.0,77.8,8.1,226.0,9,154.0,1,11.0,2
2020-08-05 16:28:13.301458,2020-08-05,2,Unieuro,iOS,APPLE,iPhone SE,549.0,555.34,,128.0,Dual SIM ibrida,Si,N.d,Red,IPS,4.7,No,,138.4,67.3,7.3,148.0,5,6.340000000000032,1,1.0,1
2020-08-05 16:28:47.778367,2020-08-05,2,Unieuro,iOS,APPLE,iPhone 11 Pro 256,1199.0,1359.0,,256.0,Dual SIM,Si,Si,Grey,OLED,5.8,No,,144.0,71.4,8.1,188.0,9,160.0,1,12.0,2
2020-08-05 16:29:38.113801,2020-08-05,2,Unieuro,iOS,APPLE,iPhone 11 Pro Max 64,1099.0,1289.0,,64.0,Dual SIM,Si,Si,Gold,OLED,6.5,No,,158.0,77.8,8.1,226.0,9,190.0,1,15.0,2
2020-08-05 16:30:23.751274,2020-08-05,2,Unieuro,iOS,APPLE,iPhone XR 256GB Blu,759.0,899.0,,256.0,Dual SIM,Si,Si,Blue,LCD,6.1,No,,150.9,75.7,8.3,194.0,7,140.0,1,16.0,2
2020-08-05 16:31:04.387185,2020-08-05,2,Unieuro,iOS,APPLE,iPhone 11 Pro 256,1199.0,1359.0,,256.0,Dual SIM,Si,Si,Green,OLED,5.8,No,,144.0,71.4,8.1,188.0,9,160.0,1,12.0,2
2020-08-05 16:31:49.822206,2020-08-05,2,Unieuro,iOS,APPLE,iPhone 11 Pro 256,1199.0,1359.0,,256.0,Dual SIM,Si,Si,Silver,OLED,5.8,No,,144.0,71.4,8.1,188.0,9,160.0,1,12.0,2
2020-08-05 16:32:38.288666,2020-08-05,2,Unieuro,iOS,APPLE,iPhone 11 Pro Max 256,1329.0,1459.0,,256.0,Dual SIM,Si,Si,Green,OLED,6.5,No,,158.0,77.8,8.1,226.0,9,130.0,1,9.0,1
2020-08-05 16:33:24.161822,2020-08-05,2,Unieuro,iOS,APPLE,iPhone 11 Pro 64,1042.0,1189.0,,64.0,Dual SIM,Si,Si,Green,OLED,5.8,No,,144.0,71.4,8.1,188.0,9,147.0,1,12.0,2
2020-08-05 16:34:15.263959,2020-08-05,2,Unieuro,iOS,APPLE,iPhone 11 Pro Max 64,1099.0,1289.0,,64.0,Dual SIM,Si,Si,Green,OLED,6.5,No,,158.0,77.8,8.1,226.0,9,190.0,1,15.0,2
2020-08-05 16:35:00.518216,2020-08-05,2,Unieuro,iOS,APPLE,iPhone 11 Pro 64,1049.0,1189.0,,64.0,Dual SIM,Si,Si,Silver,OLED,5.8,No,,144.0,71.4,8.1,188.0,9,140.0,1,12.0,2
2020-08-05 16:35:50.669613,2020-08-05,2,Unieuro,iOS,APPLE,iPhone 11 64,779.0,839.0,,64.0,Dual SIM,Si,Si,Red,LCD,6.1,No,,150.9,75.7,8.3,194.0,7,60.0,1,7.000000000000001,1
2020-08-05 16:36:39.332497,2020-08-05,2,Unieuro,iOS,APPLE,iPhone 11 Pro 64,1044.0,1189.0,,64.0,Dual SIM,Si,Si,Gold,OLED,5.8,No,,144.0,71.4,8.1,188.0,9,145.0,1,12.0,2
2020-08-05 16:37:31.228184,2020-08-05,2,Unieuro,iOS,APPLE,iPhone XR 64GB Nero,669.0,739.0,,64.0,Dual SIM,Si,Si,Black,LCD,6.1,No,,150.9,75.7,8.3,194.0,6,70.0,1,9.0,1
2020-08-05 16:38:21.641571,2020-08-05,2,Unieuro,iOS,APPLE,iPhone 11 Pro Max 64,1099.0,1289.0,,64.0,Dual SIM,Si,Si,Silver,OLED,6.5,No,,158.0,77.8,8.1,226.0,9,190.0,1,15.0,2
2020-08-05 16:39:08.895924,2020-08-05,2,Unieuro,iOS,APPLE,iPhone XR 64GB Bianco,669.0,739.0,,64.0,Dual SIM,Si,Si,White,LCD,6.1,No,,150.9,75.7,8.3,194.0,6,70.0,1,9.0,1
2020-08-05 16:39:57.751570,2020-08-05,2,Unieuro,iOS,APPLE,iPhone 11 64,779.0,839.0,,64.0,Dual SIM,Si,Si,Green,LCD,6.1,No,,150.9,75.7,8.3,194.0,7,60.0,1,7.000000000000001,1
2020-08-05 16:40:40.401479,2020-08-05,2,Unieuro,iOS,APPLE,iPhone 11 Pro 256,1199.0,1359.0,,256.0,Dual SIM,Si,Si,Gold,OLED,5.8,No,,144.0,71.4,8.1,188.0,9,160.0,1,12.0,2
2020-08-05 16:41:25.421850,2020-08-05,2,Unieuro,iOS,APPLE,iPhone XR 128GB Bianco,729.0,789.0,,128.0,Dual SIM,Si,Si,White,LCD,6.1,No,,150.9,75.7,8.3,194.0,7,60.0,1,8.0,1
2020-08-05 16:42:15.736060,2020-08-05,2,Unieuro,iOS,APPLE,iPhone XR 128GB Corallo,729.0,789.0,,128.0,Dual SIM,Si,Si,Coral,LCD,6.1,No,,150.9,75.7,8.3,194.0,7,60.0,1,8.0,1
2020-08-05 16:43:04.407027,2020-08-05,2,Unieuro,iOS,APPLE,iPhone XR 128GB Blu,729.0,789.0,,128.0,Dual SIM,Si,Si,Blue,LCD,6.1,No,,150.9,75.7,8.3,194.0,7,60.0,1,8.0,1
2020-08-05 16:43:48.699985,2020-08-05,2,Unieuro,iOS,APPLE,iPhone 11 64,779.0,839.0,,64.0,Dual SIM,Si,Si,Yellow,LCD,6.1,No,,150.9,75.7,8.3,194.0,7,60.0,1,7.000000000000001,1
2020-08-05 16:44:40.325857,2020-08-05,2,Unieuro,iOS,APPLE,iPhone XR 64GB Blu,669.0,739.0,,64.0,Dual SIM,Si,Si,Blue,LCD,6.1,No,,150.9,75.7,8.3,194.0,6,70.0,1,9.0,1
2020-08-05 16:45:30.402212,2020-08-05,2,Unieuro,iOS,APPLE,iPhone XR 64GB Corallo,679.0,739.0,,64.0,Dual SIM,Si,Si,Coral,LCD,6.1,No,,150.9,75.7,8.3,194.0,6,60.0,1,8.0,1
2020-08-05 16:46:15.616952,2020-08-05,2,Unieuro,iOS,APPLE,iPhone XR 64GB Giallo,669.0,739.0,,64.0,Dual SIM,Si,Si,Yellow,LCD,6.1,No,,150.9,75.7,8.3,194.0,6,70.0,1,9.0,1
2020-08-05 16:47:07.387368,2020-08-05,2,Unieuro,iOS,APPLE,iPhone XR 128GB Nero,729.0,789.0,,128.0,Dual SIM,Si,Si,Black,LCD,6.1,No,,150.9,75.7,8.3,194.0,7,60.0,1,8.0,1
2020-08-05 16:47:59.489002,2020-08-05,2,Unieuro,iOS,APPLE,iPhone XR 128GB Giallo,729.0,789.0,,128.0,Dual SIM,Si,Si,Yellow,LCD,6.1,No,,150.9,75.7,8.3,194.0,7,60.0,1,8.0,1
2020-08-05 16:48:44.650040,2020-08-05,2,Unieuro,iOS,APPLE,iPhone XR 128GB RED,729.0,789.0,,128.0,Dual SIM,Si,Si,Red,LCD,6.1,No,,150.9,75.7,8.3,194.0,7,60.0,1,8.0,1
2020-08-05 16:49:24.142683,2020-08-05,2,Unieuro,iOS,APPLE,iPhone XR 64GB RED,669.0,739.0,,64.0,Dual SIM,Si,Si,Red,LCD,6.1,No,,150.9,75.7,8.3,194.0,6,70.0,1,9.0,1
2020-08-05 16:50:04.639646,2020-08-05,2,Unieuro,iOS,APPLE,iPhone SE,559.0,559.0,,128.0,Dual SIM ibrida,Si,N.d,White,IPS,4.7,No,,138.4,67.3,7.3,148.0,5,0.0,0,0.0,1
2020-08-05 16:50:42.399875,2020-08-05,2,Unieuro,iOS,APPLE,iPhone 11 128,799.0,889.0,,128.0,Dual SIM,Si,Si,Yellow,LCD,6.1,No,,150.9,75.7,8.3,194.0,7,90.0,1,10.0,1
2020-08-05 16:51:33.658808,2020-08-05,2,Unieuro,iOS,APPLE,iPhone XS Max 256GB Oro,899.0,1459.0,,256.0,Dual SIM,Si,Si,Gold,OLED,6.5,No,,157.5,77.4,7.7,208.0,8,560.0,1,38.0,4
2020-08-05 16:52:19.178955,2020-08-05,2,Unieuro,iOS,APPLE,iPhone XS Max 64GB Argento,799.0,1289.0,,64.0,Dual SIM,Si,Si,Silver,OLED,6.5,No,,157.5,77.4,7.7,208.0,7,490.0,1,38.0,4
2020-08-05 16:53:17.783236,2020-08-05,2,Unieuro,iOS,APPLE,iPhone XS Max 64GB Oro,799.0,1289.0,,64.0,Dual SIM,Si,Si,Gold,OLED,6.5,No,,157.5,77.4,7.7,208.0,7,490.0,1,38.0,4
2020-08-05 16:54:07.230052,2020-08-05,2,Unieuro,iOS,APPLE,iPhone XS Max 256GB Argento,899.0,1459.0,,256.0,Dual SIM,Si,Si,Silver,OLED,6.5,No,,157.5,77.4,7.7,208.0,8,560.0,1,38.0,4
2020-08-05 16:54:54.031216,2020-08-05,2,Unieuro,iOS,APPLE,iPhone XS Max,899.0,1459.0,,256.0,Dual SIM,Si,Si,Grey,OLED,6.5,No,,157.5,77.4,7.7,208.0,8,560.0,1,38.0,4
2020-08-05 16:55:42.858832,2020-08-05,2,Unieuro,iOS,APPLE,iPhone XS Max 512GB Argento,999.0,1589.0,,512.0,Dual SIM,Si,Si,Silver,OLED,6.5,No,,157.5,77.4,7.7,208.0,9,590.0,1,37.0,4
2020-08-05 16:56:29.153581,2020-08-05,2,Unieuro,iOS,APPLE,iPhone XS Max 512GB Grigio siderale,999.0,1589.0,,512.0,Dual SIM,Si,Si,Grey,OLED,6.5,No,,157.5,77.4,7.7,208.0,9,590.0,1,37.0,4
2020-08-05 16:57:16.864759,2020-08-05,2,Unieuro,iOS,APPLE,iPhone 8 Plus 64GB Argento,599.0,679.0,,64.0,Mono SIM,Si,Si,Silver,IPS,5.5,No,,158.4,78.1,7.5,202.0,5,80.0,1,12.0,2
2020-08-05 16:58:12.169878,2020-08-05,2,Unieuro,iOS,APPLE,iPhone XR,699.0,729.9,,64.0,Dual SIM,Si,Si,Black,LCD,6.1,No,,150.9,75.7,8.3,194.0,6,30.899999999999977,1,4.0,1
2020-08-05 16:59:03.144944,2020-08-05,2,Unieuro,iOS,APPLE,iPhone 11 256,1009.0,1009.0,,256.0,Dual SIM,Si,Si,Red,LCD,6.1,No,,150.9,75.7,8.3,194.0,9,0.0,0,0.0,1
2020-08-05 16:59:52.763917,2020-08-05,2,Unieuro,iOS,APPLE,iPhone 7 32GB Nero opaco,359.0,399.0,2,32.0,Mono SIM,Si,Si,Black,IPS,4.7,No,1960.0,138.3,67.1,7.1,138.0,3,40.0,1,10.0,1
2020-08-05 17:00:53.372697,2020-08-05,2,Unieuro,iOS,APPLE,iPhone 8,499.0,499.0,,64.0,Mono SIM,Si,Si,Black,IPS,4.7,TIM,,138.4,67.3,7.3,148.0,4,0.0,0,0.0,1
2020-08-05 17:01:50.914942,2020-08-05,2,Unieuro,iOS,APPLE,iPhone XS,739.0,739.0,,64.0,Dual SIM,Si,Si,Grey,OLED,5.8,No,,143.6,70.9,7.7,177.0,7,0.0,0,0.0,1
2020-08-05 17:02:37.364099,2020-08-05,2,Unieuro,iOS,APPLE,iPhone 7 32GB Argento,359.0,399.0,2,32.0,Mono SIM,Si,Si,Silver,IPS,4.7,No,1960.0,138.3,67.1,7.1,138.0,3,40.0,1,10.0,1
2020-08-05 17:03:34.882855,2020-08-05,2,Unieuro,iOS,APPLE,iPhone XS 64GB Oro,739.0,739.0,,64.0,Dual SIM,Si,Si,Gold,OLED,5.8,No,,143.6,70.9,7.7,177.0,7,0.0,0,0.0,1
2020-08-05 17:04:28.053058,2020-08-05,2,Unieuro,iOS,APPLE,iPhone XS,739.0,739.0,,64.0,Dual SIM,Si,Si,Silver,OLED,5.8,No,,143.6,70.9,7.7,177.0,7,0.0,0,0.0,1
2020-08-05 17:05:16.467021,2020-08-05,2,Unieuro,iOS,APPLE,iPhone X 64GB Grigio siderale,649.0,649.0,,64.0,Mono SIM,Si,Si,Grey,OLED,5.8,No,,143.6,70.9,7.7,174.0,6,0.0,0,0.0,1
2020-08-05 17:06:06.310678,2020-08-05,2,Unieuro,iOS,APPLE,iPhone 7 32GB 4G 32GB Nero,359.0,399.0,2,32.0,Mono SIM,Si,Si,Black,IPS,4.7,No,1960.0,138.3,67.1,7.1,138.0,3,40.0,1,10.0,1
2020-08-05 17:06:54.992099,2020-08-05,2,Unieuro,iOS,APPLE,iPhone XS,849.0,849.0,,256.0,Dual SIM,Si,Si,Silver,OLED,5.8,No,,143.6,70.9,7.7,177.0,8,0.0,0,0.0,1
2020-08-05 17:07:42.815658,2020-08-05,2,Unieuro,iOS,APPLE,iPhone XS,849.0,849.0,,256.0,Dual SIM,Si,Si,Gold,OLED,5.8,No,,143.6,70.9,7.7,177.0,8,0.0,0,0.0,1
2020-08-07 09:49:12.463207,2020-08-07,2,Unieuro,Android,Samsung,Galaxy A30s,189.9,259.9,4,128.0,Dual SIM,Si,N.d,Black,SAMOLED,6.4,No,4000.0,158.5,74.7,7.8,169.0,1,69.99999999999997,1,27.0,3
2020-08-07 09:49:43.211263,2020-08-07,2,Unieuro,Android,Samsung,Galaxy A20e,139.9,169.9,3,32.0,Dual SIM,Si,Si,Black,PLS,5.8,No,3000.0,147.4,69.7,8.4,141.0,1,30.0,1,18.0,2
2020-08-07 09:50:23.591416,2020-08-07,2,Unieuro,Android,Xiaomi,Redmi Note 8T 16,160.0,229.9,4,64.0,Dual SIM,Si,Si,Grey,IPS,6.3,No,4000.0,161.15,75.4,8.6,199.8,1,69.9,1,30.0,3
2020-08-07 09:51:00.566272,2020-08-07,2,Unieuro,Android,Samsung,Galaxy A51,268.9,379.9,4,128.0,Dual SIM,Si,Si,Black,SAMOLED,6.5,No,4000.0,158.5,73.6,7.9,172.0,2,111.0,1,28.999999999999996,3
2020-08-07 09:51:57.320337,2020-08-07,2,Unieuro,Android,Samsung,Galaxy S10 Lite,499.0,679.0,8,128.0,Dual SIM,Si,Si,Black,SAMOLED,6.7,No,4500.0,162.5,75.6,8.1,186.0,4,180.0,1,27.0,3
2020-08-07 09:52:35.345527,2020-08-07,2,Unieuro,Android,Huawei,P30 lite,229.0,299.9,4,128.0,Dual SIM ibrida,Si,Si,Black,IPS,6.15,No,3340.0,152.9,72.7,7.4,159.0,2,70.89999999999998,1,24.0,3
2020-08-07 09:53:13.338630,2020-08-07,2,Unieuro,Android,Samsung,Galaxy A30s,189.9,259.9,4,128.0,Dual SIM,Si,Si,White,SAMOLED,6.4,No,4000.0,158.5,74.7,7.8,169.0,1,69.99999999999997,1,27.0,3
2020-08-07 09:53:45.595265,2020-08-07,2,Unieuro,Android,Samsung,Galaxy Note10 Lite,479.0,629.0,6,128.0,Dual SIM,Si,Si,Blue,SAMOLED,6.7,No,4500.0,163.7,76.1,8.7,199.0,4,150.0,1,24.0,3
2020-08-07 09:54:25.957419,2020-08-07,2,Unieuro,Android,Samsung,Galaxy,595.0,929.0,8,128.0,Dual SIM,Si,Si,Grey,Dynamic AMOLED,6.2,No,4000.0,151.7,69.1,7.9,163.0,5,334.0,1,36.0,4
2020-08-07 09:55:24.068826,2020-08-07,2,Unieuro,Android,Xiaomi,Mi Note 10 Lite,275.0,399.0,6,128.0,Dual SIM,Si,N.d,Black,AMOLED,6.47,No,5260.0,157.8,74.2,9.67,204.0,2,124.0,1,31.0,4
2020-08-07 09:55:57.911211,2020-08-07,2,Unieuro,Android,Xiaomi,Redmi Note 8T 16,169.0,229.9,4,64.0,Dual SIM,Si,Si,Grey,IPS,6.3,No,4000.0,161.15,75.4,8.6,199.8,1,60.900000000000006,1,26.0,3
2020-08-07 09:56:36.431265,2020-08-07,2,Unieuro,Android,Samsung,Galaxy A20e,139.9,169.9,3,32.0,Dual SIM,Si,Si,White,PLS,5.8,No,3000.0,147.4,69.7,8.4,141.0,1,30.0,1,18.0,2
2020-08-07 09:57:24.624491,2020-08-07,2,Unieuro,Android,Samsung,Galaxy A30s,189.9,259.9,4,128.0,Dual SIM,Si,Si,Green,SAMOLED,6.4,No,4000.0,158.5,74.7,7.8,169.0,1,69.99999999999997,1,27.0,3
2020-08-07 09:58:03.107973,2020-08-07,2,Unieuro,Android,Samsung,Galaxy A71,369.9,479.9,6,128.0,Dual SIM,Si,Si,Silver,SAMOLED,6.7,No,4500.0,163.6,76.0,7.7,179.0,3,110.0,1,23.0,3
2020-08-07 09:58:44.125130,2020-08-07,2,Unieuro,Android,Huawei,P30 lite,229.0,299.9,4,128.0,Dual SIM ibrida,Si,Si,Blue,IPS,6.15,No,3340.0,152.9,72.7,7.4,159.0,2,70.89999999999998,1,24.0,3
2020-08-07 09:59:25.319809,2020-08-07,2,Unieuro,Android,Samsung,Galaxy A20e,139.9,169.9,3,32.0,Dual SIM,Si,Si,Blue,PLS,5.8,No,3000.0,147.4,69.7,8.4,141.0,1,30.0,1,18.0,2
2020-08-07 10:00:10.657888,2020-08-07,2,Unieuro,Android,Samsung,Galaxy A71,369.9,479.9,6,128.0,Dual SIM,Si,Si,Black,SAMOLED,6.7,No,4500.0,163.6,76.0,7.7,179.0,3,110.0,1,23.0,3
2020-08-07 10:00:56.092158,2020-08-07,2,Unieuro,Android,Samsung,Galaxy S10 Lite,499.0,679.0,8,128.0,Dual SIM,Si,Si,White,SAMOLED,6.7,No,4500.0,162.5,75.6,8.1,186.0,4,180.0,1,27.0,3
2020-08-07 10:01:41.809594,2020-08-07,2,Unieuro,Android,Samsung,Galaxy A51,268.9,379.9,4,128.0,Dual SIM,Si,Si,White,SAMOLED,6.5,No,4000.0,158.5,73.6,7.9,172.0,2,111.0,1,28.999999999999996,3
2020-08-07 10:02:36.430797,2020-08-07,2,Unieuro,Android,Samsung,Galaxy S10 Lite,499.0,679.0,8,128.0,Dual SIM,Si,Si,Blue,SAMOLED,6.7,No,4500.0,162.5,75.6,8.1,186.0,4,180.0,1,27.0,3
2020-08-07 10:03:17.289685,2020-08-07,2,Unieuro,Android,Samsung,Galaxy A71,369.9,479.9,6,128.0,Dual SIM,Si,Si,Blue,SAMOLED,6.7,No,4500.0,163.6,76.0,7.7,179.0,3,110.0,1,23.0,3
2020-08-07 10:03:57.104812,2020-08-07,2,Unieuro,Android,Samsung,Galaxy A51,268.9,379.9,4,128.0,Dual SIM,Si,Si,Blue,SAMOLED,6.5,No,4000.0,158.5,73.6,7.9,172.0,2,111.0,1,28.999999999999996,3
2020-08-07 10:04:48.203552,2020-08-07,2,Unieuro,Android,Samsung,Galaxy Note10 Lite,479.0,629.0,6,128.0,Dual SIM,Si,Si,Black,SAMOLED,6.7,No,4500.0,163.7,76.1,8.7,199.0,4,150.0,1,24.0,3
2020-08-07 10:05:34.884582,2020-08-07,2,Unieuro,Android,Huawei,P30 lite,229.0,299.9,4,128.0,Dual SIM ibrida,Si,Si,White,IPS,6.15,No,3340.0,152.9,72.7,7.4,159.0,2,70.89999999999998,1,24.0,3
2020-08-07 10:06:11.342025,2020-08-07,2,Unieuro,Android,realme,5,169.0,199.9,4,128.0,Dual SIM,Si,Si,Blue,IPS,6.5,No,5000.0,164.4,75.6,9.3,198.0,1,30.900000000000006,1,15.0,2
2020-08-07 10:06:50.263447,2020-08-07,2,Unieuro,Android,Motorola,one Macro,149.9,209.99,4,64.0,Dual SIM ibrida,Si,Si,Blue,IPS,6.2,No,4000.0,157.6,75.41,8.99,186.0,1,60.09,1,28.999999999999996,3
2020-08-07 10:07:29.556503,2020-08-07,2,Unieuro,Android,ASUS,ZenFone Max (M1) nero,119.0,159.99,3,32.0,Dual SIM,Si,Si,Black,N.d,5.5,No,4000.0,8.7,147.3,70.9,150.0,1,40.99000000000001,1,26.0,3
2020-08-07 10:07:55.136612,2020-08-07,2,Unieuro,Android,Motorola,moto g8 power,199.0,249.99,4,64.0,N.d,Si,Si,Black,IPS,6.4,No,5000.0,155.95,75.84,9.63,197.0,1,50.99000000000001,1,20.0,2
2020-08-07 10:08:28.092544,2020-08-07,2,Unieuro,Android,Huawei,P40 lite E,179.9,199.9,4,64.0,Dual SIM,Si,N.d,Black,IPS,6.39,No,4000.0,159.81,76.13,8.13,176.0,1,20.0,1,10.0,1
2020-08-07 10:08:50.940485,2020-08-07,2,Unieuro,Android,Samsung,Galaxy S10 SM-G973F/DS,579.0,779.0,8,128.0,Dual SIM ibrida,Si,Si,Black,Dynamic AMOLED,6.1,No,3400.0,149.9,70.4,7.8,157.0,5,200.0,1,26.0,3
2020-08-07 10:09:58.006458,2020-08-07,2,Unieuro,Android,Samsung,Galaxy A41,239.9,299.9,4,64.0,N.d,Si,N.d,Black,SAMOLED,6.1,No,3500.0,149.9,68.9,7.9,152.0,2,59.99999999999997,1,20.0,2
2020-08-07 10:10:29.178474,2020-08-07,2,Unieuro,Android,Huawei,P30 lite New Edition,279.0,349.9,6,256.0,Dual SIM ibrida,Si,Si,Blue,IPS,6.15,No,3340.0,152.9,72.7,7.4,159.0,2,70.89999999999998,1,20.0,2
2020-08-07 10:11:11.090609,2020-08-07,2,Unieuro,Android,Xiaomi,Redmi Note 8 Pro,223.0,299.9,6,128.0,Dual SIM ibrida,Si,Si,Black,N.d,6.53,No,4500.0,161.35,76.4,8.79,199.8,2,76.89999999999998,1,26.0,3
2020-08-07 10:11:54.778644,2020-08-07,2,Unieuro,Android,Samsung,Galaxy A21s SM-A217F/DSN,179.9,209.9,3,32.0,Dual SIM,Si,N.d,Black,PLS,6.5,No,5000.0,163.7,75.3,8.9,192.0,1,30.0,1,14.000000000000002,2
2020-08-07 10:12:18.213356,2020-08-07,2,Unieuro,Android,Samsung,Galaxy A30s,199.0,279.0,4,64.0,Dual SIM,Si,N.d,White,SAMOLED,6.4,No,4000.0,158.5,74.7,7.8,169.0,1,80.0,1,28.999999999999996,3
2020-08-07 10:12:54.305478,2020-08-07,2,Unieuro,Android,Oppo,A9 2020,189.0,229.0,4,128.0,Dual SIM,Si,Si,Green,TFT,6.5,No,5000.0,163.6,75.6,9.1,195.0,1,40.0,1,17.0,2
2020-08-07 10:13:33.011015,2020-08-07,2,Unieuro,Android,Huawei,P30 lite New Edition,279.9,349.9,6,256.0,Dual SIM ibrida,Si,Si,Black,IPS,6.15,No,3340.0,152.9,72.7,7.4,159.0,2,70.0,1,20.0,2
2020-08-07 10:14:12.101860,2020-08-07,2,Unieuro,Android,Xiaomi,Redmi Note 9,199.9,229.9,4,128.0,Dual SIM,Si,N.d,Grey,N.d,6.53,No,5020.0,162.3,77.2,8.9,199.0,1,30.0,1,13.0,2
2020-08-07 10:14:38.816252,2020-08-07,2,Unieuro,Android,Samsung,Galaxy S20 Ultra,1299.0,1379.0,12,128.0,Dual SIM,Si,Si,Black,Dynamic AMOLED,6.9,No,5000.0,166.9,76.0,8.8,220.0,9,80.0,1,6.0,1
2020-08-07 10:15:35.986334,2020-08-07,2,Unieuro,Android,Huawei,P40 lite,249.9,299.9,8,128.0,Dual SIM ibrida,Si,Si,Green,LCD,6.4,No,4200.0,159.2,76.3,8.7,183.0,2,49.99999999999997,1,17.0,2
2020-08-07 10:16:22.857997,2020-08-07,2,Unieuro,Android,Huawei,Y5p,95.0,109.9,2,32.0,Dual SIM,Si,N.d,Blue,IPS,5.45,No,3020.0,146.5,70.94,8.35,144.0,1,14.900000000000006,1,14.000000000000002,2
2020-08-07 10:16:47.231236,2020-08-07,2,Unieuro,Android,Xiaomi,Redmi Note 8 Pro,227.0,299.9,6,128.0,Dual SIM ibrida,Si,Si,Green,N.d,6.53,No,4500.0,161.35,76.4,8.79,199.8,2,72.89999999999998,1,24.0,3
2020-08-07 10:17:29.841412,2020-08-07,2,Unieuro,Android,Oppo,A5 2020,139.0,179.0,3,64.0,Dual SIM,Si,Si,Black,TFT,6.5,No,5000.0,163.6,75.6,9.1,195.0,1,40.0,1,22.0,3
2020-08-07 10:18:04.842414,2020-08-07,2,Unieuro,Android,Huawei,P40 lite,249.9,299.9,8,128.0,Dual SIM ibrida,Si,Si,Black,LCD,6.4,No,4200.0,159.2,76.3,8.7,183.0,2,49.99999999999997,1,17.0,2
2020-08-07 10:18:54.643554,2020-08-07,2,Unieuro,Android,Huawei,P Smart 2019,159.9,199.9,3,64.0,Dual SIM,Si,Si,Blue,TFT-LCD,6.21,No,3400.0,155.2,73.4,7.95,160.0,1,40.0,1,20.0,2
2020-08-07 10:19:15.596803,2020-08-07,2,Unieuro,Android,Huawei,P smart 2019,159.0,199.9,3,64.0,Dual SIM,Si,Si,Black,TFT-LCD,6.21,No,3400.0,155.2,73.4,7.95,160.0,1,40.900000000000006,1,20.0,2
2020-08-07 10:19:35.157417,2020-08-07,2,Unieuro,Android,Huawei,Y6p 16,137.0,159.9,3,64.0,Dual SIM,Si,N.d,Black,IPS,6.3,No,5000.0,159.07,74.06,9.04,185.0,1,22.900000000000006,1,14.000000000000002,2
2020-08-07 10:20:03.624648,2020-08-07,2,Unieuro,Android,Huawei,P smart 2020,177.0,199.9,4,128.0,Dual SIM ibrida,Si,N.d,Blue,LCD,6.21,No,3400.0,153.36,73.55,8.2,163.0,1,22.900000000000006,1,11.0,2
2020-08-07 10:20:24.974220,2020-08-07,2,Unieuro,Android,Samsung,Galaxy A21s SM-A217F/DSN,179.9,209.9,3,32.0,Dual SIM,Si,N.d,White,PLS,6.5,No,5000.0,163.7,75.3,8.9,192.0,1,30.0,1,14.000000000000002,2
2020-08-07 10:20:47.707437,2020-08-07,2,Unieuro,Android,Motorola,one Fusion+,259.0,299.9,6,128.0,Mono SIM,Si,N.d,Blue,IPS,6.5,No,5000.0,162.9,76.9,9.6,210.0,2,40.89999999999998,1,14.000000000000002,2
2020-08-07 10:21:22.174759,2020-08-07,2,Unieuro,Android,ASUS,ZenFone 6,399.0,499.0,6,64.0,Dual SIM,Si,Si,Black,IPS,6.4,No,5000.0,159.1,75.44,9.1,190.0,3,100.0,1,20.0,2
2020-08-07 10:22:05.761217,2020-08-07,2,Unieuro,Android,Oppo,A9 2020,179.0,229.0,4,128.0,Dual SIM,Si,Si,Purple,TFT,6.5,No,5000.0,163.6,75.6,9.1,195.0,1,50.0,1,22.0,3
2020-08-07 10:22:43.066326,2020-08-07,2,Unieuro,Android,ASUS,ROG Phone ZS600KL-1A032EU smartphone,399.0,599.0,8,128.0,Dual SIM,Si,N.d,Black,AMOLED,6,No,4000.0,8.3,158.83,76.16,200.0,3,200.0,1,33.0,4
2020-08-07 10:23:04.506109,2020-08-07,2,Unieuro,Android,Motorola,Moto E 6s,109.99,129.99,2,32.0,Dual SIM,Si,N.d,Blue,IPS,6.1,No,3000.0,155.6,73.0,8.5,160.0,1,20.000000000000014,1,15.0,2
2020-08-07 10:23:33.467326,2020-08-07,2,Unieuro,Android,Xiaomi,Redmi Note 9,199.9,229.9,4,128.0,Dual SIM,Si,N.d,Green,N.d,6.53,No,5020.0,162.3,77.2,8.9,199.0,1,30.0,1,13.0,2
2020-08-07 10:24:04.080122,2020-08-07,2,Unieuro,Android,Samsung,Galaxy,779.0,1029.0,8,128.0,Dual SIM,Si,Si,Blue,Dynamic AMOLED,6.7,No,4500.0,161.9,73.7,7.8,186.0,7,250.0,1,24.0,3
2020-08-07 10:25:05.516386,2020-08-07,2,Unieuro,Android,Samsung,Galaxy A41,239.9,299.9,4,64.0,N.d,Si,N.d,White,SAMOLED,6.1,No,3500.0,149.9,68.9,7.9,152.0,2,59.99999999999997,1,20.0,2
2020-08-07 10:25:35.868608,2020-08-07,2,Unieuro,Android,realme,5,169.0,199.9,4,128.0,Dual SIM,N.d,Si,Purple,N.d,6.5,No,5000.0,9.3,75.6,164.4,198.0,1,30.900000000000006,1,15.0,2
2020-08-07 10:25:53.537272,2020-08-07,2,Unieuro,Android,Huawei,P40 lite E,169.0,199.9,4,64.0,Dual SIM,Si,N.d,Blue,IPS,6.39,No,4000.0,159.81,76.13,8.13,176.0,1,30.900000000000006,1,15.0,2
2020-08-07 10:26:20.932320,2020-08-07,2,Unieuro,Android,Samsung,Galaxy,779.0,1029.0,8,128.0,Dual SIM,Si,Si,Black,Dynamic AMOLED,6.7,No,4500.0,161.9,73.7,7.8,186.0,7,250.0,1,24.0,3
2020-08-07 10:27:22.844815,2020-08-07,2,Unieuro,Android,Huawei,Y5p,92.99,109.9,2,32.0,Dual SIM,Si,N.d,Black,IPS,5.45,No,3020.0,146.5,70.94,8.35,144.0,1,16.91000000000001,1,15.0,2
2020-08-07 10:27:44.810125,2020-08-07,2,Unieuro,Android,ASUS,ZenFone Max (M1) oro,119.0,159.99,3,32.0,Dual SIM,Si,Si,Gold,N.d,5.5,No,4000.0,8.7,147.3,70.9,150.0,1,40.99000000000001,1,26.0,3
2020-08-07 10:28:10.390592,2020-08-07,2,Unieuro,Android,Samsung,Galaxy A41 SM-A415F,239.9,299.9,4,64.0,N.d,Si,N.d,Blue,SAMOLED,6.1,No,3500.0,149.9,68.9,7.9,152.0,2,59.99999999999997,1,20.0,2
2020-08-07 10:28:43.737929,2020-08-07,2,Unieuro,Android,Huawei,P30 Pro,569.9,849.9,8,128.0,Dual SIM ibrida,Si,Si,Black,OLED,6.47,No,4200.0,158.0,73.4,8.41,192.0,5,280.0,1,33.0,4
2020-08-07 10:29:39.938711,2020-08-07,2,Unieuro,Android,Samsung,Galaxy S10 SM-G973F/DS,579.0,779.0,8,128.0,Dual SIM ibrida,Si,Si,White,Dynamic AMOLED,6.1,No,3400.0,149.9,70.4,7.8,157.0,5,200.0,1,26.0,3
2020-08-07 10:30:42.030862,2020-08-07,2,Unieuro,Android,Huawei,P30 Lite,229.0,299.9,4,128.0,Dual SIM ibrida,Si,Si,Blue,IPS,6.15,No,3340.0,152.9,72.7,7.4,159.0,2,70.89999999999998,1,24.0,3
2020-08-07 10:31:22.593220,2020-08-07,2,Unieuro,Android,Huawei,P30,439.0,649.9,6,128.0,Dual SIM ibrida,Si,Si,Black,OLED,6.1,No,3650.0,149.1,71.36,7.57,165.0,4,210.89999999999998,1,32.0,4
2020-08-07 10:32:18.410061,2020-08-07,2,Unieuro,Android,Samsung,Galaxy A21s SM-A217F/DSN,179.9,209.9,3,32.0,Dual SIM,Si,N.d,Blue,PLS,6.5,No,5000.0,163.7,75.3,8.9,192.0,1,30.0,1,14.000000000000002,2
2020-08-07 10:32:42.851273,2020-08-07,2,Unieuro,Android,Motorola,one Zoom,289.0,429.99,4,128.0,Dual SIM,Si,Si,Grey,OLED,6.4,No,4000.0,158.0,75.0,8.8,190.0,2,140.99,1,33.0,4
2020-08-07 10:33:13.188775,2020-08-07,2,Unieuro,Android,Huawei,P30 Pro,569.9,849.9,8,128.0,Dual SIM ibrida,Si,Si,Blue,OLED,6.47,No,4200.0,158.0,73.4,8.41,192.0,5,280.0,1,33.0,4
2020-08-07 10:34:10.213934,2020-08-07,2,Unieuro,Android,Samsung,Galaxy S10,579.0,779.0,8,128.0,Dual SIM ibrida,Si,Si,Green,Dynamic AMOLED,6.1,No,3400.0,149.9,70.4,7.8,157.0,5,200.0,1,26.0,3
2020-08-07 10:35:16.384201,2020-08-07,2,Unieuro,Android,Xiaomi,Redmi Note 9,199.9,229.9,4,128.0,Dual SIM,Si,N.d,White,N.d,6.53,No,5020.0,162.3,77.2,8.9,199.0,1,30.0,1,13.0,2
2020-08-07 10:35:40.663718,2020-08-07,2,Unieuro,Android,Huawei,P40 lite,249.9,299.9,8,128.0,Dual SIM ibrida,Si,Si,Pink,LCD,6.4,No,4200.0,159.2,76.3,8.7,183.0,2,49.99999999999997,1,17.0,2
2020-08-07 10:36:27.270633,2020-08-07,2,Unieuro,Android,Oppo,A52,169.9,199.0,4,64.0,Dual SIM,Si,N.d,White,IPS,6.5,No,4880.0,162.0,75.5,8.9,192.0,1,29.099999999999994,1,15.0,2
2020-08-07 10:36:54.564180,2020-08-07,2,Unieuro,Android,Oppo,Reno2,349.9,449.0,8,256.0,Dual SIM,Si,Si,Blue,AMOLED,6.5,No,4000.0,160.0,74.3,9.5,189.0,3,99.10000000000002,1,22.0,3
2020-08-07 10:37:34.653361,2020-08-07,2,Unieuro,Android,Oppo,Reno2,349.9,449.0,8,256.0,Dual SIM,Si,Si,Black,AMOLED,6.5,No,4000.0,160.0,74.3,9.5,189.0,3,99.10000000000002,1,22.0,3
2020-08-07 10:38:07.957925,2020-08-07,2,Unieuro,Android,Oppo,A5 2020,139.0,179.0,3,64.0,Dual SIM,Si,Si,White,TFT,6.5,No,5000.0,163.6,75.6,9.1,195.0,1,40.0,1,22.0,3
2020-08-07 10:38:42.990514,2020-08-07,2,Unieuro,Android,Huawei,P30,439.0,649.9,6,128.0,Dual SIM ibrida,Si,Si,Multicolor,OLED,6.1,No,3650.0,149.1,71.36,7.57,165.0,4,210.89999999999998,1,32.0,4
2020-08-07 10:39:37.811100,2020-08-07,2,Unieuro,Android,Samsung,Galaxy,779.0,1029.0,8,128.0,Dual SIM,Si,Si,Grey,Dynamic AMOLED,6.7,No,4500.0,161.9,73.7,7.8,186.0,7,250.0,1,24.0,3
2020-08-07 10:40:40.139552,2020-08-07,2,Unieuro,Android,LG,K41S LMK410EMW,149.0,159.9,3,32.0,Dual SIM,Si,N.d,Titanium,IPS,6.55,No,4000.0,165.7,76.4,8.2,189.0,1,10.900000000000006,1,7.000000000000001,1
2020-08-07 10:41:15.935106,2020-08-07,2,Unieuro,Android,Samsung,Galaxy S10+ SM-G975F/DS,679.0,879.0,8,128.0,Dual SIM ibrida,Si,Si,Black,Dynamic AMOLED,6.4,No,4100.0,157.6,74.1,7.8,175.0,6,200.0,1,23.0,3
2020-08-07 10:42:16.941035,2020-08-07,2,Unieuro,Android,Huawei,Mate 20,369.0,799.99,4,128.0,N.d,Si,Si,Blue,IPS,6.53,No,4000.0,158.2,77.2,8.3,188.0,3,430.99,1,54.0,6
2020-08-07 10:42:52.402629,2020-08-07,2,Unieuro,Android,Oppo,A52,169.9,199.0,4,64.0,Dual SIM,Si,N.d,Black,IPS,6.5,No,5000.0,162.0,75.5,8.9,192.0,1,29.099999999999994,1,15.0,2
2020-08-07 10:43:19.248103,2020-08-07,2,Unieuro,Android,Motorola,EDGE smartphone 17,599.0,699.99,6,128.0,Dual SIM,Si,N.d,Black,OLED,6.7,No,4500.0,161.64,71.1,9.29,188.0,5,100.99000000000001,1,14.000000000000002,2
2020-08-07 10:43:54.997933,2020-08-07,2,Unieuro,Android,Huawei,P30 Pro,569.9,849.9,8,128.0,Dual SIM ibrida,Si,Si,Blue,OLED,6.47,No,4200.0,158.0,73.4,8.41,192.0,5,280.0,1,33.0,4
2020-08-07 10:44:25.740816,2020-08-07,2,Unieuro,Android,Huawei,Y6p 16,139.0,159.9,3,64.0,Dual SIM,Si,N.d,Green,IPS,6.3,No,5000.0,159.07,74.06,9.04,185.0,1,20.900000000000006,1,13.0,2
2020-08-07 10:44:48.608011,2020-08-07,2,Unieuro,Android,Huawei,Y6s,139.0,149.9,3,32.0,Dual SIM,Si,Si,Black,IPS,6.09,No,3020.0,156.28,73.5,8.0,150.0,1,10.900000000000006,1,7.000000000000001,1
2020-08-07 10:45:14.388507,2020-08-07,2,Unieuro,Android,ASUS,ZenFone Max ZB555KL-6C163EU 14,119.0,159.99,3,32.0,Dual SIM,Si,N.d,Red,IPS,5.5,No,4000.0,147.3,70.9,8.7,150.0,1,40.99000000000001,1,26.0,3
2020-08-07 10:45:39.123018,2020-08-07,2,Unieuro,Android,Huawei,P smart 2020,179.0,199.9,4,128.0,Dual SIM ibrida,Si,N.d,Black,LCD,6.21,No,3400.0,153.36,73.55,8.2,163.0,1,20.900000000000006,1,10.0,1
2020-08-07 10:46:04.618218,2020-08-07,2,Unieuro,Android,Huawei,P30,439.0,649.9,6,128.0,Dual SIM ibrida,Si,Si,Blue,OLED,6.1,No,3650.0,149.1,71.36,7.57,165.0,4,210.89999999999998,1,32.0,4
2020-08-07 10:46:52.873304,2020-08-07,2,Unieuro,Android,Xiaomi,Redmi Note 8 Pro,249.0,299.9,6,128.0,Dual SIM ibrida,Si,Si,Blue,N.d,6.53,No,4500.0,161.35,76.4,8.79,199.8,2,50.89999999999998,1,17.0,2
2020-08-07 10:47:31.585628,2020-08-07,2,Unieuro,Android,realme,6,199.0,229.99,4,64.0,Dual SIM,Si,N.d,Blue,LCD,6.5,No,4300.0,162.1,74.8,9.6,191.0,1,30.99000000000001,1,13.0,2
2020-08-07 10:48:01.630203,2020-08-07,2,Unieuro,Android,Huawei,Y6p 16,139.0,159.9,3,64.0,Dual SIM,Si,N.d,Purple,IPS,6.3,No,5000.0,159.07,74.06,9.04,185.0,1,20.900000000000006,1,13.0,2
2020-08-07 10:48:26.494881,2020-08-07,2,Unieuro,Android,Huawei,P40 lite 5G,399.9,399.9,6,128.0,Dual SIM ibrida,Si,Si,Silver,LTPS,6.5,No,4000.0,162.31,75.0,8.58,189.0,3,0.0,0,0.0,1
2020-08-07 10:48:54.201253,2020-08-07,2,Unieuro,Android,Motorola,Moto G Moto G8 Plus 16,199.0,269.99,4,64.0,Dual SIM ibrida,Si,Si,Blue,LTPS,6.3,No,4000.0,158.35,75.83,9.09,188.0,1,70.99000000000001,1,26.0,3
2020-08-07 10:49:34.494755,2020-08-07,2,Unieuro,Android,Motorola,G8 Power,199.0,249.0,4,64.0,Dual SIM ibrida,Si,Si,Blue,IPS,6.4,Vodafone,5000.0,157.95,75.84,9.63,197.0,1,50.0,1,20.0,2
2020-08-07 10:50:07.642976,2020-08-07,2,Unieuro,Android,Huawei,Y5p,99.9,109.9,2,32.0,Dual SIM,Si,N.d,Green,IPS,5.45,No,3020.0,146.5,70.94,8.35,144.0,1,10.0,1,9.0,1
2020-08-07 10:50:33.151662,2020-08-07,2,Unieuro,Android,Samsung,Galaxy S20+,1044.0,1129.0,8,128.0,Dual SIM,Si,Si,Black,Dynamic AMOLED,6.7,No,4500.0,161.9,73.7,7.8,186.0,9,85.0,1,8.0,1
2020-08-07 10:51:37.125716,2020-08-07,2,Unieuro,Android,realme,6i,179.0,199.99,4,128.0,Dual SIM,Si,N.d,White,LCD,6.5,No,5000.0,164.4,75.4,9.0,199.0,1,20.99000000000001,1,10.0,1
2020-08-07 10:52:03.392016,2020-08-07,2,Unieuro,Android,Huawei,P smart Pro,256.0,299.9,6,128.0,Dual SIM ibrida,Si,Si,Black,TFT-LCD,6.59,No,4000.0,163.1,77.2,8.8,206.0,2,43.89999999999998,1,15.0,2
2020-08-07 10:52:31.454895,2020-08-07,2,Unieuro,Android,Huawei,P40 lite 5G,369.0,399.9,6,128.0,Dual SIM ibrida,Si,Si,Black,LTPS,6.5,No,4000.0,162.31,75.0,8.58,189.0,3,30.899999999999977,1,8.0,1
2020-08-07 10:52:58.850884,2020-08-07,2,Unieuro,Android,Samsung,Galaxy SM-A315G/DS,249.9,299.9,4,64.0,Dual SIM,Si,N.d,Black,SAMOLED,6.4,No,5000.0,159.3,73.1,8.6,185.0,2,49.99999999999997,1,17.0,2
2020-08-07 10:53:34.060682,2020-08-07,2,Unieuro,Android,Motorola,g8 power lite,167.0,189.99,4,64.0,Dual SIM,Si,N.d,Blue,IPS,6.5,No,5000.0,164.94,75.76,9.2,200.0,1,22.99000000000001,1,12.0,2
2020-08-07 10:54:03.412610,2020-08-07,2,Unieuro,Android,Huawei,P smart S 16,199.9,259.9,4,128.0,Dual SIM,Si,N.d,White,OLED,6.3,No,4000.0,157.4,73.2,7.75,163.0,1,59.99999999999997,1,23.0,3
2020-08-07 10:54:30.469134,2020-08-07,2,Unieuro,Android,Wiko,VIEW3 Lite,109.0,129.99,2,32.0,Dual SIM,Si,Si,Silver,IPS,6.09,No,4000.0,155.5,73.0,8.7,160.1,1,20.99000000000001,1,16.0,2
2020-08-07 10:55:05.153921,2020-08-07,2,Unieuro,Android,realme,6 Pro,299.9,349.99,8,128.0,Dual SIM,Si,N.d,Blue,LCD,6.6,No,4300.0,163.8,75.8,8.9,202.0,2,50.09000000000003,1,14.000000000000002,2
2020-08-07 10:55:32.652236,2020-08-07,2,Unieuro,Android,Huawei,P smart 2020,179.0,199.9,4,128.0,Dual SIM ibrida,Si,N.d,Green,LCD,6.21,No,3400.0,153.36,73.55,8.2,163.0,1,20.900000000000006,1,10.0,1
2020-08-07 10:55:53.965851,2020-08-07,2,Unieuro,Android,Motorola,one Macro,149.9,209.99,4,64.0,Dual SIM ibrida,Si,Si,Purple,IPS,6.2,No,4000.0,157.6,75.41,8.99,186.0,1,60.09,1,28.999999999999996,3
2020-08-07 10:56:30.781595,2020-08-07,2,Unieuro,Android,Huawei,Mate 20,369.0,799.99,4,128.0,N.d,Si,Si,Black,IPS,6.53,No,4000.0,158.2,77.2,8.3,188.0,3,430.99,1,54.0,6
2020-08-07 10:57:06.229597,2020-08-07,2,Unieuro,Android,Huawei,Mate 30 Pro,699.0,1099.9,8,256.0,Dual SIM ibrida,Si,Si,Silver,OLED,6.53,No,4500.0,158.1,73.1,8.8,198.0,6,400.9000000000001,1,36.0,4
2020-08-07 10:57:50.348375,2020-08-07,2,Unieuro,Android,Huawei,P smart S 16,199.9,259.9,4,128.0,Dual SIM,Si,N.d,Black,OLED,6.3,No,4000.0,157.4,73.2,7.75,163.0,1,59.99999999999997,1,23.0,3
2020-08-07 10:58:16.454474,2020-08-07,2,Unieuro,Android,LG,K51S LMK510EMW,179.9,219.9,3,64.0,Dual SIM,Si,N.d,Titanium,IPS,6.55,No,4000.0,165.2,76.7,8.2,194.0,1,40.0,1,18.0,2
2020-08-07 10:58:45.303306,2020-08-07,2,Unieuro,Android,Oppo,A91,279.9,329.0,8,128.0,Dual SIM,Si,N.d,Black,AMOLED,6.4,No,4025.0,160.2,73.3,7.9,172.0,2,49.10000000000002,1,15.0,2
2020-08-07 10:59:15.491913,2020-08-07,2,Unieuro,Android,realme,6,199.0,229.99,4,64.0,Dual SIM,Si,N.d,White,LCD,6.5,No,4300.0,162.1,74.8,9.6,191.0,1,30.99000000000001,1,13.0,2
2020-08-07 10:59:39.714994,2020-08-07,2,Unieuro,Android,realme,6i,179.0,199.99,4,128.0,Dual SIM,Si,N.d,Green,LCD,6.5,No,5000.0,164.4,75.4,9.0,199.0,1,20.99000000000001,1,10.0,1
2020-08-07 11:00:03.685155,2020-08-07,2,Unieuro,Android,Samsung,Galaxy XCover 4s SM-G398FN/DS,269.9,269.9,3,32.0,Dual SIM,Si,Si,Black,TFT,5,No,2800.0,146.2,73.3,9.7,172.0,2,0.0,0,0.0,1
2020-08-07 11:00:37.767456,2020-08-07,2,Unieuro,Android,Samsung,Galaxy Z Flip,1299.0,1499.0,8,256.0,Mono SIM,Si,Si,Black,Dynamic AMOLED,6.7,No,3300.0,167.3,73.6,7.2,183.0,9,200.0,1,13.0,2
2020-08-07 11:01:20.463484,2020-08-07,2,Unieuro,Android,Wiko,VIEW Prime,119.0,159.99,4,64.0,Dual SIM,Si,Si,Green,IPS,5.7,No,3000.0,152.3,72.8,8.3,162.0,1,40.99000000000001,1,26.0,3
2020-08-07 11:02:00.454220,2020-08-07,2,Unieuro,Android,Motorola,Moto E Moto E6 play 14,99.9,119.99,2,32.0,Dual SIM,Si,Si,Black,IPS,5.5,No,3000.0,146.5,70.9,8.3,140.0,1,20.08999999999999,1,17.0,2
2020-08-07 11:02:25.203796,2020-08-07,2,Unieuro,Android,Xiaomi,Redmi Note 8 Pro,249.0,299.9,6,128.0,Dual SIM,Si,Si,White,N.d,6.53,No,4500.0,161.35,76.4,8.79,199.8,2,50.89999999999998,1,17.0,2
2020-08-07 11:03:04.899018,2020-08-07,2,Unieuro,Android,LG,Velvet,549.9,649.9,6,128.0,N.d,Si,N.d,"Red, Yellow",OLED,6.8,No,4300.0,167.2,74.1,7.9,180.0,5,100.0,1,15.0,2
2020-08-07 11:03:41.109156,2020-08-07,2,Unieuro,Android,LG,Velvet,549.9,649.9,6,128.0,N.d,Si,N.d,Grey,OLED,6.8,No,4300.0,167.2,74.1,7.9,180.0,5,100.0,1,15.0,2
2020-08-07 11:04:13.973733,2020-08-07,2,Unieuro,Android,Wiko,View4 Lite,119.9,129.99,2,32.0,Dual SIM,Si,Si,Blue,IPS,6.52,No,4000.0,167.0,76.8,8.45,174.0,1,10.090000000000003,1,8.0,1
2020-08-07 11:04:44.020698,2020-08-07,2,Unieuro,Android,Motorola,Moto E 6 Play 14,99.9,119.99,2,32.0,Mono SIM,Si,N.d,Black,IPS,5.5,No,3000.0,146.5,70.9,8.3,140.0,1,20.08999999999999,1,17.0,2
2020-08-07 11:05:02.844006,2020-08-07,2,Unieuro,Android,Oppo,A91,279.9,329.0,8,128.0,Dual SIM,Si,N.d,Blue,AMOLED,6.4,No,4025.0,160.2,73.3,7.9,172.0,2,49.10000000000002,1,15.0,2
2020-08-07 11:05:33.879464,2020-08-07,2,Unieuro,Android,realme,C3,139.0,159.99,3,64.0,Dual SIM,Si,N.d,Blue,LCD,6.5,No,5000.0,164.4,75.0,8.95,195.0,1,20.99000000000001,1,13.0,2
2020-08-07 11:05:55.840373,2020-08-07,2,Unieuro,Android,Huawei,P40 lite 5G,369.0,399.9,6,128.0,Dual SIM ibrida,Si,Si,Green,LTPS,6.5,No,4000.0,162.31,75.0,8.58,189.0,3,30.899999999999977,1,8.0,1
2020-08-07 11:06:24.583934,2020-08-07,2,Unieuro,Android,Samsung,Galaxy S10+ SM-G975F/DS,679.0,879.0,8,128.0,Dual SIM ibrida,Si,Si,Green,Dynamic AMOLED,6.4,No,4100.0,157.6,74.1,7.8,175.0,6,200.0,1,23.0,3
2020-08-07 11:07:30.092535,2020-08-07,2,Unieuro,Linux,Nokia,800 Tough,109.0,139.99,0.5,4.0,Dual SIM ibrida,N.d,Si,Black,N.d,2.4,No,2100.0,145.4,62.1,16.11,161.0,1,30.99000000000001,1,22.0,3
2020-08-07 11:07:46.109222,2020-08-07,2,Unieuro,Android,Motorola,G8 Power,199.0,249.99,4,64.0,N.d,Si,Si,Black,IPS,6.4,Vodafone,5000.0,155.95,75.84,9.63,197.0,1,50.99000000000001,1,20.0,2
2020-08-07 11:08:20.066448,2020-08-07,2,Unieuro,Android,Huawei,P30 Pro,569.9,849.9,8,128.0,Dual SIM ibrida,Si,Si,Blue,OLED,6.47,No,4200.0,158.0,73.4,8.41,192.0,5,280.0,1,33.0,4
2020-08-07 11:09:07.427096,2020-08-07,2,Unieuro,Android,Wiko,View3 Lite,109.0,129.99,2,32.0,Dual SIM,Si,Si,"Black, Blue",IPS,6.09,TIM,4000.0,155.5,73.0,8.7,160.1,1,20.99000000000001,1,16.0,2
2020-08-07 11:09:39.486262,2020-08-07,2,Unieuro,Android,Samsung,Galaxy SM-A315G/DS,249.9,299.9,4,64.0,Dual SIM,Si,N.d,Blue,SAMOLED,6.4,No,5000.0,159.3,73.1,8.6,185.0,2,49.99999999999997,1,17.0,2
2020-08-07 11:10:07.189081,2020-08-07,2,Unieuro,Android,Wiko,View4 Lite,119.9,129.99,2,32.0,Dual SIM,Si,Si,Gold,IPS,6.52,No,4000.0,167.0,76.8,8.45,174.0,1,10.090000000000003,1,8.0,1
2020-08-07 11:10:42.744126,2020-08-07,2,Unieuro,Android,realme,6,279.0,299.99,8,128.0,Dual SIM,Si,N.d,Blue,LCD,6.5,No,4300.0,162.1,74.8,9.6,191.0,2,20.99000000000001,1,7.000000000000001,1
2020-08-07 11:11:11.841276,2020-08-07,2,Unieuro,Android,Samsung,Galaxy SM-G988B/DS,1299.0,1379.0,12,128.0,Dual SIM ibrida,Si,N.d,White,Dynamic AMOLED,6.9,No,5000.0,166.9,76.0,8.8,220.0,9,80.0,1,6.0,1
2020-08-07 11:11:50.403521,2020-08-07,2,Unieuro,Android,Huawei,P smart Pro,259.0,299.9,6,128.0,Dual SIM ibrida,Si,Si,Pearl,TFT-LCD,6.59,No,4000.0,163.1,77.2,8.8,206.0,2,40.89999999999998,1,14.000000000000002,2
2020-08-07 11:12:16.649433,2020-08-07,2,Unieuro,Android,Samsung,Galaxy Z Flip,1299.0,1499.0,8,256.0,Mono SIM,Si,Si,Purple,Dynamic AMOLED,6.7,No,3300.0,167.3,73.6,7.2,183.0,9,200.0,1,13.0,2
2020-08-07 11:12:56.738568,2020-08-07,2,Unieuro,Android,Huawei,P40,699.0,799.9,8,128.0,Dual SIM ibrida,Si,N.d,Black,OLED,6.1,No,3800.0,148.9,71.06,8.5,175.0,6,100.89999999999998,1,13.0,2
2020-08-07 11:13:30.219892,2020-08-07,2,Unieuro,Android,Huawei,P40 Pro,1049.9,1049.9,8,256.0,Dual SIM ibrida,Si,N.d,Silver,OLED,6.58,No,4200.0,158.2,72.6,8.95,209.0,9,0.0,0,0.0,1
2020-08-07 11:14:01.496863,2020-08-07,2,Unieuro,Android,Samsung,Galaxy S10+ SM-G975F/DS,679.0,879.0,8,128.0,Dual SIM ibrida,Si,Si,White,Dynamic AMOLED,6.4,No,4100.0,157.6,74.1,7.8,175.0,6,200.0,1,23.0,3
2020-08-07 11:15:10.755360,2020-08-07,2,Unieuro,Android,Huawei,Y5 2019,109.0,139.9,2,16.0,Dual SIM,Si,Si,Brown,IPS,5.71,No,3020.0,147.13,70.78,8.45,146.0,1,30.900000000000006,1,22.0,3
2020-08-07 11:15:42.130637,2020-08-07,2,Unieuro,Android,LG,K51S LMK510EMW,179.9,219.9,3,64.0,Dual SIM,Si,N.d,Pink,IPS,6.55,No,4000.0,165.2,76.7,8.2,194.0,1,40.0,1,18.0,2
2020-08-07 11:16:08.639358,2020-08-07,2,Unieuro,Android,realme,6 Pro,299.9,349.99,8,128.0,Dual SIM,Si,N.d,Red,LCD,6.6,No,4300.0,163.8,75.8,8.9,202.0,2,50.09000000000003,1,14.000000000000002,2
2020-08-07 11:16:38.513049,2020-08-07,2,Unieuro,Android,Samsung,Galaxy A20s SM-A207F,159.9,179.9,,,N.d,Si,Si,Black,TFT,6.5,No,4000.0,163.3,77.5,8.0,183.0,1,20.0,1,11.0,2
2020-08-07 11:17:08.745091,2020-08-07,2,Unieuro,Android,Oppo,A72,249.0,279.0,4,128.0,Dual SIM,Si,N.d,Black,TFT,6.5,No,5000.0,162.0,75.5,8.9,,2,30.0,1,11.0,2
2020-08-07 11:17:39.969428,2020-08-07,2,Unieuro,Android,LG,Velvet,549.9,649.9,6,128.0,N.d,Si,N.d,Green,OLED,6.8,No,4300.0,167.2,74.1,7.9,180.0,5,100.0,1,15.0,2
2020-08-07 11:18:17.206769,2020-08-07,2,Unieuro,Android,Huawei,Y6s,129.0,149.9,3,32.0,Dual SIM,Si,No,Blue,IPS,6.09,No,3020.0,156.28,73.5,8.0,150.0,1,20.900000000000006,1,14.000000000000002,2
2020-08-07 11:18:44.807642,2020-08-07,2,Unieuro,Android,Huawei,P40,699.0,799.9,8,128.0,Dual SIM ibrida,Si,N.d,Gold,OLED,6.1,No,3800.0,148.9,71.06,8.5,175.0,6,100.89999999999998,1,13.0,2
2020-08-07 11:19:16.720412,2020-08-07,2,Unieuro,Android,Samsung,Galaxy Fold,1949.0,1999.0,12,512.0,Dual SIM,Si,Si,Black,Dynamic AMOLED,7.3,No,4380.0,160.9,117.9,7.5,263.0,9,50.0,1,3.0,1
2020-08-07 11:20:26.021391,2020-08-07,2,Unieuro,Android,Nokia,6.2 16,169.0,239.99,4,64.0,N.d,Si,Si,Black,N.d,6.3,No,3500.0,159.92,75.15,8.25,180.0,1,70.99000000000001,1,30.0,3
2020-08-07 11:20:50.616661,2020-08-07,2,Unieuro,Android,Oppo,Reno,249.0,299.0,6,256.0,Dual SIM,Si,Si,Black,AMOLED,6.4,No,3765.0,156.6,74.3,9.0,185.0,2,50.0,1,17.0,2
2020-08-07 11:21:15.279741,2020-08-07,2,Unieuro,Android,Motorola,EDGE Plus smartphone 17,1099.0,1199.99,12,256.0,Mono SIM,Si,N.d,Grey,OLED,6.7,No,5000.0,161.07,71.38,9.6,203.0,9,100.99000000000001,1,8.0,1
2020-08-07 11:21:42.785094,2020-08-07,2,Unieuro,Android,ASUS,ROG Phone 3 Strix,799.0,868.99,8,256.0,Dual SIM,Si,N.d,Black,AMOLED,6.59,No,6000.0,171.0,78.0,9.85,240.0,7,69.99000000000001,1,8.0,1
2020-08-07 11:22:11.589813,2020-08-07,2,Unieuro,Android,LG,K41S LMK410EMW,149.0,159.9,3,32.0,Dual SIM,Si,N.d,Black,IPS,6.55,No,4000.0,165.7,76.4,8.2,189.0,1,10.900000000000006,1,7.000000000000001,1
2020-08-07 11:22:48.009396,2020-08-07,2,Unieuro,Android,Samsung,Galaxy S20 5G,999.0,1029.0,8,128.0,Dual SIM,Si,Si,Grey,Dynamic AMOLED,6.2,No,4000.0,151.7,69.1,7.9,163.0,9,30.0,1,3.0,1
2020-08-07 11:23:48.714795,2020-08-07,2,Unieuro,Android,LG,Velvet,549.9,649.9,6,128.0,N.d,Si,N.d,White,OLED,6.8,No,4300.0,167.2,74.1,7.9,180.0,5,100.0,1,15.0,2
2020-08-07 11:24:22.910094,2020-08-07,2,Unieuro,Android,Huawei,P40 Pro,909.0,1049.9,8,256.0,Dual SIM ibrida,Si,N.d,Black,OLED,6.58,No,4200.0,158.2,72.6,8.95,209.0,9,140.9000000000001,1,13.0,2
2020-08-07 11:24:51.394017,2020-08-07,2,Unieuro,Android,Oppo,A72,249.0,279.0,4,128.0,Dual SIM,Si,N.d,Purple,TFT,6.5,No,5000.0,162.0,75.5,8.9,,2,30.0,1,11.0,2
2020-08-07 11:25:21.170596,2020-08-07,2,Unieuro,Android,LG,K50 K50S,149.0,199.9,3,32.0,Dual SIM,Si,Si,Black,IPS,6.5,No,4000.0,165.8,77.5,8.2,194.0,1,50.900000000000006,1,25.0,3
2020-08-07 11:26:06.688996,2020-08-07,2,Unieuro,Android,Samsung,Galaxy S10+ SM-G975F/DS,679.0,879.0,8,128.0,Dual SIM ibrida,Si,N.d,White,Dynamic AMOLED,6.4,No,4100.0,157.6,74.1,7.8,175.0,6,200.0,1,23.0,3
2020-08-07 11:26:51.476537,2020-08-07,2,Unieuro,Android,Huawei,Mate Xs 5G,2184.0,2599.9,8,512.0,Dual SIM,Si,Si,Blue,OLED,6.6,No,4500.0,161.3,146.2,11.0,300.0,9,415.9000000000001,1,16.0,2
2020-08-07 11:27:26.916679,2020-08-07,2,Unieuro,Android,realme,6,279.0,299.99,8,128.0,Dual SIM,Si,N.d,White,LCD,6.5,No,4300.0,162.1,74.8,9.6,191.0,2,20.99000000000001,1,7.000000000000001,1
2020-08-07 11:27:52.555523,2020-08-07,2,Unieuro,Android,Samsung,Galaxy S10+ SM-G975F/DS,679.0,879.0,8,128.0,Dual SIM ibrida,Si,N.d,Black,Dynamic AMOLED,6.4,No,4100.0,157.6,74.1,7.8,175.0,6,200.0,1,23.0,3
2020-08-07 11:28:33.326863,2020-08-07,2,Unieuro,Android,Oppo,Find X2 Lite,422.0,499.0,8,128.0,Dual SIM,Si,N.d,Black,AMOLED,6.4,No,4025.0,160.3,74.3,7.96,180.0,4,77.0,1,15.0,2
2020-08-07 11:29:03.245647,2020-08-07,2,Unieuro,Android,Huawei,Y5 2019,119.0,139.9,2,16.0,Dual SIM,Si,Si,Brown,IPS,5.71,No,3020.0,147.13,70.78,8.45,146.0,1,20.900000000000006,1,15.0,2
2020-08-07 11:29:28.172362,2020-08-07,2,Unieuro,Android,Huawei,P40 Pro,909.0,1049.9,8,256.0,Dual SIM ibrida,Si,N.d,Gold,OLED,6.58,No,4200.0,158.2,72.6,8.95,209.0,9,140.9000000000001,1,13.0,2
2020-08-07 11:29:53.345682,2020-08-07,2,Unieuro,Android,realme,C3,139.0,159.99,3,64.0,Dual SIM,Si,N.d,Red,LCD,6.5,No,5000.0,164.4,75.0,8.95,195.0,1,20.99000000000001,1,13.0,2
2020-08-07 11:30:22.625814,2020-08-07,2,Unieuro,Android,Oppo,Find X2 Lite,449.0,499.0,8,128.0,Dual SIM,Si,N.d,White,AMOLED,6.4,No,4025.0,160.3,74.3,7.96,180.0,4,50.0,1,10.0,1
2020-08-07 11:30:44.834836,2020-08-07,2,Unieuro,Android,Meizu,Note 8,139.0,179.99,4,64.0,Dual SIM,Si,N.d,Black,N.d,5.99,No,3600.0,153.6,75.5,7.9,168.0,1,40.99000000000001,1,23.0,3
2020-08-07 11:31:13.736571,2020-08-07,2,Unieuro,Android,Huawei,Y6 2019,129.0,159.9,2,32.0,N.d,Si,Si,Blue,IPS,6.09,TIM,3020.0,156.28,73.5,8.0,150.0,1,30.900000000000006,1,19.0,2
2020-08-07 11:31:42.488791,2020-08-07,2,Unieuro,Android,Wiko,View3 Lite,109.0,129.99,2,32.0,Dual SIM,Si,Si,"Black, Blue",IPS,6.09,TIM,4000.0,155.5,73.0,8.7,160.1,1,20.99000000000001,1,16.0,2
2020-08-07 11:32:14.626746,2020-08-07,2,Unieuro,Android,Huawei,P40,699.0,799.9,8,128.0,Dual SIM ibrida,Si,N.d,Silver,OLED,6.1,No,3800.0,148.9,71.06,8.5,175.0,6,100.89999999999998,1,13.0,2
2020-08-07 11:32:45.431686,2020-08-07,2,Unieuro,Android,LG,K50 K50S,149.0,199.9,3,32.0,Dual SIM,Si,Si,Blue,IPS,6.5,No,4000.0,165.8,77.5,8.2,173.0,1,50.900000000000006,1,25.0,3
2020-08-07 11:33:27.238821,2020-08-07,2,Unieuro,Android,Samsung,Galaxy Note20 Display,929.0,979.9,8,256.0,Dual SIM,Si,Si,N.d,Dynamic AMOLED,6.3,No,4300.0,161.6,75.2,8.3,192.0,9,50.89999999999998,1,5.0,1
2020-08-07 11:34:13.015695,2020-08-07,2,Unieuro,Android,Samsung,Galaxy Note20 Display,929.0,979.9,8,256.0,Dual SIM,Si,Si,N.d,Dynamic AMOLED,6.3,No,4300.0,161.6,75.2,8.3,192.0,9,50.89999999999998,1,5.0,1
2020-08-07 11:34:49.970313,2020-08-07,2,Unieuro,Android,Samsung,Galaxy Note20 Display,929.0,979.9,8,256.0,Dual SIM,Si,Si,N.d,Dynamic AMOLED,6.3,No,4300.0,161.6,75.2,8.3,192.0,9,50.89999999999998,1,5.0,1
2020-08-07 11:35:34.630777,2020-08-07,2,Unieuro,Android,Samsung,Galaxy Note20 Display,1029.0,1079.9,8,256.0,Dual SIM,Si,Si,N.d,Dynamic AMOLED,6.3,No,4300.0,161.6,75.2,8.3,192.0,9,50.90000000000009,1,5.0,1
2020-08-07 11:36:18.107296,2020-08-07,2,Unieuro,Android,Samsung,Galaxy Note20 Ultra Display,1279.0,1329.9,12,256.0,Dual SIM,Si,Si,N.d,Dynamic AMOLED,6.9,No,4500.0,161.6,75.2,8.3,192.0,9,50.90000000000009,1,4.0,1
2020-08-07 11:36:57.212782,2020-08-07,2,Unieuro,Android,Samsung,Galaxy Note 20 Ultra Display,1279.0,1329.9,12,256.0,Dual SIM,Si,Si,N.d,Dynamic AMOLED,6.3,No,4500.0,161.6,75.2,8.3,192.0,9,50.90000000000009,1,4.0,1
2020-08-07 11:37:37.906732,2020-08-07,2,Unieuro,Android,Huawei,P30 lite,369.99,369.99,4,128.0,Dual SIM ibrida,Si,Si,Black,IPS,6.15,No,3340.0,152.9,72.7,7.4,159.0,3,0.0,0,0.0,1
2020-08-07 11:38:16.504634,2020-08-07,2,Unieuro,Android,Huawei,P30 lite,299.9,299.9,4,128.0,N.d,Si,Si,Black,IPS,6.15,TIM,3340.0,152.9,72.7,7.4,159.0,2,0.0,0,0.0,1
2020-08-07 11:38:48.388062,2020-08-07,2,Unieuro,Android,Xiaomi,Redmi Note 9 Pro,259.0,299.9,6,128.0,Dual SIM,Si,N.d,White,IPS,6.67,No,5020.0,165.75,76.68,8.8,209.0,2,40.89999999999998,1,14.000000000000002,2
2020-08-07 11:39:24.282087,2020-08-07,2,Unieuro,Android,BRONDI,Amico,66.99,89.99,0.5,44.0,Dual SIM,Si,Si,Black,TN,5,No,2000.0,151.0,69.0,10.75,,1,23.0,1,26.0,3
2020-08-07 11:39:42.327979,2020-08-07,2,Unieuro,Android,Oppo,Reno2 Z,240.0,349.0,8,128.0,Dual SIM,Si,Si,Black,AMOLED,6.5,No,4000.0,161.8,75.8,9.35,195.0,2,109.0,1,31.0,4
2020-08-07 11:40:18.794120,2020-08-07,2,Unieuro,Android,Xiaomi,Redmi Note 9 Pro,249.0,299.9,6,128.0,Dual SIM,Si,N.d,Green,N.d,6.67,No,5020.0,165.75,76.68,8.8,209.0,2,50.89999999999998,1,17.0,2
2020-08-07 11:40:49.974786,2020-08-07,2,Unieuro,Android,Xiaomi,Redmi Note 9 Pro,253.0,299.9,6,128.0,Dual SIM,Si,N.d,Grey,N.d,6.67,No,5020.0,165.75,76.68,8.8,209.0,2,46.89999999999998,1,16.0,2
2020-08-07 11:41:22.799520,2020-08-07,2,Unieuro,Android,Huawei,P20 Pro,329.0,329.0,6,128.0,Mono SIM,Si,Si,Black,AMOLED,6.1,No,4000.0,155.0,73.9,7.8,180.0,3,0.0,0,0.0,1
2020-08-07 11:42:10.218920,2020-08-07,2,Unieuro,Android,Xiaomi,Mi Note 10 Lite,299.0,399.0,6,128.0,Dual SIM,Si,N.d,White,AMOLED,6.47,No,5260.0,157.8,74.2,9.67,204.0,2,100.0,1,25.0,3
2020-08-07 11:42:38.683255,2020-08-07,2,Unieuro,Android,Oppo,Reno2 Z,265.0,349.0,8,128.0,Dual SIM,Si,Si,White,AMOLED,6.5,No,4000.0,161.8,75.8,9.35,195.0,2,84.0,1,24.0,3
2020-08-07 11:43:17.023743,2020-08-07,2,Unieuro,Android,Xiaomi,Mi 10 Lite,359.0,399.9,6,128.0,Dual SIM ibrida,Si,N.d,Grey,AMOLED,6.57,No,4160.0,163.71,74.77,7.98,192.0,3,40.89999999999998,1,10.0,1
2020-08-07 11:43:47.063148,2020-08-07,2,Unieuro,Android,Wiko,Y50,55.99,69.99,1,16.0,Dual SIM,Si,Si,Grey,TN,5,No,2200.0,146.0,73.5,8.7,160.0,1,13.999999999999993,1,20.0,2
2020-08-07 11:44:13.139625,2020-08-07,2,Unieuro,Android,Wiko,Y80,84.99,99.99,2,16.0,Dual SIM,Si,Si,Blue,IPS,5.99,No,4000.0,160.0,76.5,8.55,185.0,1,15.0,1,15.0,2
2020-08-07 11:44:55.894997,2020-08-07,2,Unieuro,Android,Xiaomi,Mi 10 Lite,379.0,399.9,6,128.0,Dual SIM ibrida,Si,N.d,White,AMOLED,6.57,No,4160.0,163.71,74.77,7.98,192.0,3,20.899999999999977,1,5.0,1
2020-08-07 11:45:28.852858,2020-08-07,2,Unieuro,Android,Oppo,Find X2 Neo,604.0,699.0,12,256.0,Mono SIM,Si,N.d,Black,AMOLED,6.5,No,4025.0,159.4,72.4,7.7,171.0,6,95.0,1,14.000000000000002,2
2020-08-07 11:45:54.402376,2020-08-07,2,Unieuro,Android,Wiko,View4,123.0,159.99,3,64.0,Dual SIM,Si,Si,Blue,IPS,6.52,No,5000.0,165.7,75.8,8.85,180.0,1,36.99000000000001,1,23.0,3
2020-08-07 11:46:30.978831,2020-08-07,2,Unieuro,Android,Wiko,Y80,89.0,99.99,2,16.0,Dual SIM,Si,Si,"Anthracite, Blue",IPS,5.99,No,4000.0,160.0,76.5,8.55,185.0,1,10.989999999999995,1,11.0,2
2020-08-07 11:47:14.666743,2020-08-07,2,Unieuro,Android,Motorola,moto e6 plus,129.99,129.99,4,64.0,Dual SIM,Si,Si,Blue,IPS,6.1,No,3000.0,155.6,73.06,8.6,149.7,1,0.0,0,0.0,1
2020-08-07 11:47:42.647162,2020-08-07,2,Unieuro,Android,LG,K40 K40S,119.9,119.9,2,32.0,Dual SIM,Si,Si,Blue,IPS,6.1,No,3500.0,156.3,73.9,8.6,173.0,1,0.0,0,0.0,1
2020-08-07 11:48:19.438314,2020-08-07,2,Unieuro,Android,Samsung,Galaxy A20e,149.0,189.99,3,32.0,Dual SIM,Si,Si,Black,PLS,5.8,No,3000.0,147.4,69.7,8.4,141.0,1,40.99000000000001,1,22.0,3
2020-08-07 11:48:55.648055,2020-08-07,2,Unieuro,Android,LG,K40 K40S,106.0,119.9,2,32.0,Dual SIM,Si,Si,Black,IPS,6.1,No,3500.0,156.3,73.9,8.6,173.0,1,13.900000000000006,1,12.0,2
2020-08-07 11:49:38.309454,2020-08-07,2,Unieuro,Android,Samsung,Galaxy A70,349.9,349.9,6,128.0,Dual SIM,Si,Si,Black,SAMOLED,6.7,No,4500.0,164.3,76.7,7.9,183.0,3,0.0,0,0.0,1
2020-08-07 11:50:25.227431,2020-08-07,2,Unieuro,Android,Wiko,Y50,55.99,69.99,1,16.0,Dual SIM,Si,Si,Blue,TN,5,No,2200.0,146.0,73.5,8.7,160.0,1,13.999999999999993,1,20.0,2
2020-08-07 11:50:49.870627,2020-08-07,2,Unieuro,Android,Wiko,Y60,77.99,79.99,1,16.0,Dual SIM,Si,Si,Blue,N.d,5.45,No,2500.0,9.3,71.8,146.8,177.7,1,2.0,1,3.0,1
2020-08-07 11:51:12.431715,2020-08-07,2,Unieuro,Android,Motorola,moto e6 plus,119.99,119.99,2,32.0,Dual SIM,Si,Si,Graphite,IPS,6.1,No,3000.0,155.6,73.06,8.6,149.7,1,0.0,0,0.0,1
2020-08-07 11:51:42.302787,2020-08-07,2,Unieuro,Android,Xiaomi,Redmi Note 7 16,179.9,179.9,4,64.0,Dual SIM ibrida,Si,Si,Blue,IPS,6.3,No,4000.0,159.21,75.21,8.1,186.0,1,0.0,0,0.0,1
2020-08-07 11:52:18.903100,2020-08-07,2,Unieuro,Android,Huawei,Y6 2019,119.0,139.9,2,32.0,Dual SIM,Si,Si,Brown,IPS,6.09,No,3020.0,156.28,73.5,8.0,150.0,1,20.900000000000006,1,15.0,2
2020-08-07 11:52:46.687273,2020-08-07,2,Unieuro,Android,Xiaomi,Mi 10 Lite,379.0,399.9,6,128.0,Dual SIM ibrida,Si,N.d,Blue,AMOLED,6.57,No,4160.0,163.71,74.77,7.98,192.0,3,20.899999999999977,1,5.0,1
2020-08-07 11:53:15.573890,2020-08-07,2,Unieuro,Android,Huawei,P smart+ 2019,179.0,199.9,3,64.0,Dual SIM ibrida,Si,Si,Black,IPS,6.21,No,3400.0,155.2,73.4,7.95,160.0,1,20.900000000000006,1,10.0,1
2020-08-07 11:53:52.604323,2020-08-07,2,Unieuro,Android,Meizu,M8,119.0,119.0,4,64.0,Dual SIM,Si,Si,Black,N.d,5.7,No,3100.0,147.5,72.7,8.1,159.0,1,0.0,0,0.0,1
2020-08-07 11:54:21.792275,2020-08-07,2,Unieuro,Android,Wiko,Y80,89.0,99.99,2,16.0,Dual SIM,Si,Si,Gold,IPS,5.99,No,4000.0,160.0,76.5,8.55,185.0,1,10.989999999999995,1,11.0,2
2020-08-07 11:54:59.094798,2020-08-07,2,Unieuro,Android,Motorola,moto e6 plus,123.0,129.99,4,64.0,Dual SIM,Si,Si,Graphite,IPS,6.1,No,3000.0,155.6,73.06,8.6,149.7,1,6.990000000000009,1,5.0,1
2020-08-07 11:55:29.433070,2020-08-07,2,Unieuro,Android,LG,K20,89.9,89.9,1,16.0,Dual SIM ibrida,Si,Si,Blue,TFT,5.45,No,3000.0,148.6,71.9,8.3,153.0,1,0.0,0,0.0,1
2020-08-07 11:56:06.828484,2020-08-07,2,Unieuro,Android,Xiaomi,Mi 10,751.0,899.0,8,256.0,Mono SIM,Si,N.d,Grey,AMOLED,6.67,No,4780.0,162.5,74.8,8.96,208.0,7,148.0,1,16.0,2
2020-08-07 11:56:40.774215,2020-08-07,2,Unieuro,Android,Huawei,P20 Lite,199.9,199.9,4,64.0,Dual SIM,Si,Si,Black,TFT-LCD,5.84,No,3000.0,148.6,71.2,7.4,145.0,1,0.0,0,0.0,1
2020-08-07 11:57:25.019407,2020-08-07,2,Unieuro,Android,realme,X50 Pro 5G,739.0,749.99,12,256.0,Dual SIM,Si,N.d,Green,SAMOLED,6.44,No,4200.0,158.96,74.24,9.37,207.0,7,10.990000000000009,1,1.0,1
2020-08-07 11:57:58.963938,2020-08-07,2,Unieuro,Android,Wiko,Y60,79.0,79.99,1,16.0,Dual SIM,Si,Si,Blue,N.d,5.45,No,2500.0,146.8,71.8,9.3,177.7,1,0.9899999999999949,1,1.0,1
2020-08-07 11:58:31.550790,2020-08-07,2,Unieuro,Android,Honor,10 Lite,179.9,179.9,3,64.0,Dual SIM,Si,Si,Black,LTPS,6.21,No,3400.0,154.8,73.64,7.95,162.0,1,0.0,0,0.0,1
2020-08-07 11:59:02.995284,2020-08-07,2,Unieuro,Android,realme,X50 5G,369.99,369.99,6,128.0,Dual SIM,Si,N.d,Green,IPS,6.57,No,4200.0,163.8,75.8,8.9,202.0,3,0.0,0,0.0,1
2020-08-07 11:59:33.067645,2020-08-07,2,Unieuro,Android,Motorola,moto e6 plus,115.0,119.99,2,32.0,Dual SIM,Si,Si,Cherry,IPS,6.1,No,3000.0,155.6,73.06,8.6,149.7,1,4.989999999999995,1,4.0,1
2020-08-07 11:59:55.057773,2020-08-07,2,Unieuro,Android,realme,X50 Pro 5G,749.99,749.99,12,256.0,Dual SIM,Si,N.d,Red,SAMOLED,6.44,No,4200.0,158.96,74.24,9.37,207.0,7,0.0,0,0.0,1
2020-08-07 12:00:21.586918,2020-08-07,2,Unieuro,Android,Wiko,Y60,79.99,79.99,1,16.0,Dual SIM,Si,Si,Gold,N.d,5.45,No,2500.0,9.3,71.8,146.8,177.7,1,0.0,0,0.0,1
2020-08-07 12:00:50.804746,2020-08-07,2,Unieuro,Android,Huawei,P Smart 2019,149.0,179.9,3,64.0,N.d,Si,Si,Black,TFT-LCD,6.21,No,3400.0,155.2,73.4,7.95,160.0,1,30.900000000000006,1,17.0,2
2020-08-07 12:01:16.622417,2020-08-07,2,Unieuro,Android,Huawei,P30 Pro New Edition,849.0,849.0,8,256.0,Dual SIM,Si,N.d,Silver,OLED,6.47,No,4200.0,158.0,73.4,8.41,192.0,8,0.0,0,0.0,1
2020-08-07 12:01:54.345784,2020-08-07,2,Unieuro,Android,Xiaomi,Mi 10,751.0,899.0,8,256.0,Dual SIM,Si,N.d,Green,AMOLED,6.67,No,4780.0,162.5,74.8,8.96,208.0,7,148.0,1,16.0,2
2020-08-07 12:02:23.216544,2020-08-07,2,Unieuro,Android,Wiko,View4,145.0,159.99,3,64.0,Dual SIM,Si,Si,Green,IPS,6.52,No,5000.0,165.7,75.8,8.85,180.0,1,14.990000000000009,1,9.0,1
2020-08-07 12:02:57.907580,2020-08-07,2,Unieuro,Android,Samsung,Galaxy A20e,164.0,169.9,3,32.0,N.d,Si,Si,Black,PLS,5.8,TIM,3000.0,147.4,69.7,8.4,141.0,1,5.900000000000006,1,3.0,1
2020-08-07 12:03:40.438410,2020-08-07,2,Unieuro,Android,Motorola,Moto G 8,199.99,199.99,4,64.0,Dual SIM,Si,N.d,White,IPS,6.4,No,4000.0,161.27,75.8,8.95,188.3,1,0.0,0,0.0,1
2020-08-07 12:04:02.821467,2020-08-07,2,Unieuro,Android,Honor,VIEW 10 Lite 16.5,259.0,259.0,4,128.0,N.d,N.d,N.d,Blue,N.d,6.5,No,3750.0,160.4,76.6,7.8,175.0,2,0.0,0,0.0,1
2020-08-07 12:04:26.524873,2020-08-07,2,Unieuro,Android,Wiko,Y61,89.99,89.99,1,16.0,Dual SIM,Si,N.d,Grey,IPS,5.99,No,3000.0,161.3,78.14,9.0,190.0,1,0.0,0,0.0,1
2020-08-07 12:04:50.826964,2020-08-07,2,Unieuro,Android,Huawei,P smart,149.0,149.0,3,32.0,Dual SIM ibrida,Si,Si,Black,IPS,5.65,No,3000.0,150.1,72.05,7.45,143.0,1,0.0,0,0.0,1
2020-08-07 12:05:26.208778,2020-08-07,2,Unieuro,Android,Wiko,Y61,89.99,89.99,2,32.0,Dual SIM,Si,N.d,Green,IPS,5.99,No,3000.0,161.3,78.14,9.0,190.0,1,0.0,0,0.0,1
2020-08-07 12:05:48.800220,2020-08-07,2,Unieuro,Android,Samsung,Galaxy A51,319.9,319.9,4,128.0,N.d,Si,N.d,Black,SAMOLED,6.5,Vodafone,4000.0,158.5,73.6,7.9,172.0,3,0.0,0,0.0,1
2020-08-07 12:06:19.661722,2020-08-07,2,Unieuro,Android,Huawei,P30 Pro New Edition,849.9,849.9,9,256.0,N.d,Si,N.d,Black,OLED,6.47,No,4200.0,158.0,73.4,8.41,192.0,8,0.0,0,0.0,1
2020-08-07 12:06:50.890792,2020-08-07,2,Unieuro,Android,Huawei,nova 5T,299.0,339.9,6,128.0,Dual SIM,Si,Si,Blue,IPS,6.26,No,3750.0,154.25,73.97,7.87,174.0,2,40.89999999999998,1,12.0,2
2020-08-07 12:07:30.835654,2020-08-07,2,Unieuro,Android,ASUS,ROG Phone II ZS660KL-1A012EU,899.0,899.0,12,512.0,Dual SIM,Si,Si,Black,AMOLED,6.59,No,6000.0,170.99,77.6,9.48,240.0,8,0.0,0,0.0,1
2020-08-07 12:08:14.374307,2020-08-07,2,Unieuro,Android,Samsung,Galaxy S10,599.0,599.0,6,128.0,Dual SIM,Si,Si,Black,Dynamic AMOLED,6.1,No,3400.0,149.9,70.4,7.8,157.0,5,0.0,0,0.0,1
2020-08-07 12:09:00.630180,2020-08-07,2,Unieuro,Android,Huawei,Y6 2019,149.9,149.9,2,32.0,N.d,Si,Si,Blue,IPS,6.09,No,3020.0,156.28,73.5,8.0,150.0,1,0.0,0,0.0,1
2020-08-07 12:09:29.359869,2020-08-07,2,Unieuro,Android,Motorola,Razr,1599.0,1599.0,6,128.0,Mono SIM,Si,Si,Black,P-OLED,6.2,No,2510.0,172.0,72.0,6.9,205.0,9,0.0,0,0.0,1
2020-08-07 12:09:54.917915,2020-08-07,2,Unieuro,Android,Xiaomi,Redmi Note 8T 16,199.0,229.9,4,64.0,Dual SIM,Si,N.d,Blue,IPS,6.3,Vodafone,4000.0,161.15,75.4,8.6,199.8,1,30.900000000000006,1,13.0,2
2020-08-07 12:10:24.559616,2020-08-07,2,Unieuro,Android,Nokia,2.2,109.99,109.99,2,16.0,N.d,Si,Si,Grey,TFT,5.71,No,3000.0,145.96,70.56,9.3,153.0,1,0.0,0,0.0,1
2020-08-07 12:10:51.530181,2020-08-07,2,Unieuro,Android,Nokia,3.2,139.9,139.9,2,16.0,N.d,Si,Si,Black,TFT,6.26,No,4000.0,159.44,76.24,8.6,181.0,1,0.0,0,0.0,1
2020-08-07 12:11:17.817887,2020-08-07,2,Unieuro,Android,Huawei,P30,599.0,599.0,6,128.0,Dual SIM ibrida,Si,Si,Black,OLED,6.1,No,3650.0,149.1,71.36,7.57,165.0,5,0.0,0,0.0,1
2020-08-07 12:11:55.206058,2020-08-07,2,Unieuro,Android,Huawei,P smart⁺ 16,179.0,179.0,4,64.0,Dual SIM,Si,Si,Black,IPS,6.3,No,3340.0,157.6,75.2,7.6,169.0,1,0.0,0,0.0,1
2020-08-07 12:12:27.863032,2020-08-07,2,Unieuro,Android,Huawei,P30 Pro,999.9,999.9,8,128.0,Dual SIM ibrida,Si,Si,Black,OLED,6.47,No,4200.0,158.0,73.4,8.41,192.0,9,0.0,0,0.0,1
2020-08-07 12:13:05.325073,2020-08-07,2,Unieuro,Android,Motorola,Moto G 8,199.99,199.99,4,64.0,Dual SIM,Si,N.d,White,IPS,6.4,No,4000.0,161.27,75.8,8.95,188.3,1,0.0,0,0.0,1
2020-08-07 12:13:30.833126,2020-08-07,2,Unieuro,Android,Samsung,Galaxy SM-A307F,279.9,279.9,4,64.0,Dual SIM,Si,N.d,White,SAMOLED,6.4,No,4000.0,158.5,74.7,7.8,169.0,2,0.0,0,0.0,1
2020-08-07 12:14:13.842604,2020-08-07,2,Unieuro,Android,Samsung,Galaxy A70,349.9,349.9,6,128.0,Dual SIM,Si,Si,Blue,SAMOLED,6.7,No,4500.0,164.3,76.7,7.9,183.0,3,0.0,0,0.0,1
2020-08-07 12:15:03.428177,2020-08-07,2,Unieuro,Android,LG,K40,129.0,129.0,2,32.0,N.d,Si,Si,Blue,IPS,5.7,TIM,3000.0,153.0,71.9,8.3,144.0,1,0.0,0,0.0,1
2020-08-07 12:15:40.668036,2020-08-07,2,Unieuro,Android,Huawei,P Smart 2019,179.9,179.9,3,64.0,Dual SIM ibrida,Si,Si,N.d,IPS,6.21,No,3400.0,155.2,73.4,7.95,160.0,1,0.0,0,0.0,1
2020-08-07 12:16:10.718541,2020-08-07,2,Unieuro,Android,LG,K40,119.9,119.9,2,32.0,Dual SIM,Si,Si,Blue,IPS,5.7,No,3000.0,153.0,71.9,8.3,144.0,1,0.0,0,0.0,1
2020-08-07 12:16:43.657676,2020-08-07,2,Unieuro,Android,Huawei,Y6 2019,149.9,149.9,2,32.0,Dual SIM,Si,Si,Black,IPS,6.09,No,3020.0,156.28,73.5,8.0,150.0,1,0.0,0,0.0,1
2020-08-07 12:17:18.952073,2020-08-07,2,Unieuro,Android,Nokia,5 SIM singola 4G 16GB Argento,129.9,129.9,2,16.0,Mono SIM,Si,N.d,Silver,IPS,5.2,TIM,3000.0,149.7,72.5,8.05,160.0,1,0.0,0,0.0,1
2020-08-07 12:17:40.895588,2020-08-07,2,Unieuro,Android,Nokia,5 SIM singola 4G 16GB Nero,129.9,129.9,2,16.0,Mono SIM,Si,N.d,Black,IPS,5.2,TIM,3000.0,149.7,72.5,8.05,160.0,1,0.0,0,0.0,1
2020-08-07 12:18:05.844044,2020-08-07,2,Unieuro,Android,Samsung,Galaxy A20e,169.9,169.9,3,32.0,Dual SIM,Si,Si,Blue,PLS,5.8,TIM,3000.0,147.4,69.7,8.4,141.0,1,0.0,0,0.0,1
2020-08-07 12:18:43.997980,2020-08-07,2,Unieuro,iOS,APPLE,iPhone 11,899.99,899.99,,128.0,Dual SIM,Si,N.d,White,LCD,6.1,Vodafone,,150.9,75.7,8.3,194.0,8,0.0,0,0.0,1
2020-08-07 12:19:08.784815,2020-08-07,2,Unieuro,Android,Samsung,Galaxy A10 Nero,159.9,159.9,2,32.0,Dual SIM,Si,Si,Black,TFT,6.2,Vodafone,3400.0,155.6,75.6,7.9,168.0,1,0.0,0,0.0,1
2020-08-07 12:19:50.708334,2020-08-07,2,Unieuro,Android,Samsung,Galaxy A20e,139.9,169.9,3,32.0,Dual SIM,Si,Si,"Coral, Orange",PLS,5.8,No,3000.0,147.4,69.7,8.4,141.0,1,30.0,1,18.0,2
2020-08-07 12:20:35.389831,2020-08-07,2,Unieuro,Android,Xiaomi,Redmi Note 8T 16,169.0,229.9,4,64.0,Dual SIM,Si,Si,White,IPS,6.3,No,4000.0,161.15,75.4,8.6,199.8,1,60.900000000000006,1,26.0,3
2020-08-07 12:21:14.765774,2020-08-07,2,Unieuro,Android,Samsung,Galaxy,595.0,929.0,8,128.0,Dual SIM,Si,Si,Blue,Dynamic AMOLED,6.2,No,4000.0,151.7,69.1,7.9,163.0,5,334.0,1,36.0,4
2020-08-07 12:22:18.253875,2020-08-07,2,Unieuro,Android,ASUS,ZenFone Max Pro M1,159.0,199.99,4,64.0,Dual SIM,Si,Si,Black,IPS,6,No,5000.0,159.0,76.0,8.45,180.0,1,40.99000000000001,1,20.0,2
2020-08-07 12:22:48.836370,2020-08-07,2,Unieuro,Android,Samsung,Galaxy A40,199.0,259.9,4,64.0,Dual SIM,Si,Si,Black,SAMOLED,5.9,No,3100.0,144.4,69.2,7.9,140.0,1,60.89999999999998,1,23.0,3
2020-08-07 12:23:39.064218,2020-08-07,2,Unieuro,Android,Samsung,Galaxy A40,199.0,259.9,4,64.0,Dual SIM,Si,Si,White,SAMOLED,5.9,No,3100.0,144.4,69.2,7.9,140.0,1,60.89999999999998,1,23.0,3
2020-08-07 12:24:20.803569,2020-08-07,2,Unieuro,Android,Samsung,Galaxy A10,139.0,159.9,2,32.0,Dual SIM,Si,Si,Blue,TFT,6.2,No,3400.0,155.6,75.6,7.9,168.0,1,20.900000000000006,1,13.0,2
2020-08-07 12:25:05.464713,2020-08-07,2,Unieuro,Android,LG,G8S ThinQ,399.0,769.9,6,128.0,Dual SIM ibrida,Si,Si,Black,OLED,6.21,No,3550.0,155.3,76.6,7.99,181.0,3,370.9,1,48.0,5
2020-08-07 12:26:00.894014,2020-08-07,2,Unieuro,Android,Samsung,Galaxy A10,129.0,159.9,2,32.0,Dual SIM,Si,Si,Red,TFT,6.2,No,3400.0,155.6,75.6,7.9,168.0,1,30.900000000000006,1,19.0,2
2020-08-07 12:26:41.446913,2020-08-07,2,Unieuro,Android,ASUS,ZenFone Max Pro M1,139.0,179.99,3,32.0,Dual SIM,Si,Si,Black,IPS,6,No,5000.0,159.0,76.0,8.45,180.0,1,40.99000000000001,1,23.0,3
2020-08-07 12:27:15.554581,2020-08-07,2,Unieuro,Android,Huawei,Y5 2019,109.0,139.9,2,16.0,Dual SIM,Si,Si,Blue,IPS,5.71,No,3020.0,147.13,70.78,8.45,146.0,1,30.900000000000006,1,22.0,3
2020-08-07 12:27:46.298414,2020-08-07,2,Unieuro,Android,Huawei,Y6 2019,129.0,159.9,2,32.0,N.d,Si,Si,Black,IPS,6.09,TIM,3020.0,156.28,73.5,8.0,150.0,1,30.900000000000006,1,19.0,2
2020-08-07 12:28:16.980259,2020-08-07,2,Unieuro,Android,Huawei,P40 Pro+,1399.9,1399.9,8,512.0,Dual SIM,Si,N.d,Black,OLED,6.58,No,4200.0,158.2,72.6,9.0,226.0,9,0.0,0,0.0,1
2020-08-07 12:28:44.823981,2020-08-07,2,Unieuro,Android,Samsung,Galaxy A10,139.0,159.9,2,32.0,Dual SIM,Si,Si,Black,TFT,6.2,No,3400.0,155.6,75.6,7.9,168.0,1,20.900000000000006,1,13.0,2
2020-08-07 12:29:21.499851,2020-08-07,2,Unieuro,Android,ASUS,ZenFone Max Pro (M2) ZB631KL-4J068EU,199.0,299.99,6,64.0,Dual SIM,Si,Si,Titanium,IPS,6.3,No,5000.0,157.9,75.5,8.5,175.0,1,100.99000000000001,1,34.0,4
2020-08-07 12:29:57.124490,2020-08-07,2,Unieuro,Android,Huawei,P smart Z,189.9,279.9,4,64.0,Dual SIM ibrida,Si,Si,Blue,LTPS,6.59,No,4000.0,163.5,77.3,8.8,196.8,1,89.99999999999997,1,32.0,4
2020-08-07 12:30:24.398500,2020-08-07,2,Unieuro,Android,ASUS,ZenFone Max M2 ZB633KL-4A124EU smartphone,149.0,199.99,4,64.0,Dual SIM,Si,Si,Black,IPS,6.3,No,4000.0,158.0,76.0,7.7,160.0,1,50.99000000000001,1,25.0,3
2020-08-07 12:31:00.876572,2020-08-07,2,Unieuro,Android,Motorola,Moto E Moto E6 play 14,99.9,119.99,2,32.0,Dual SIM,Si,Si,Blue,IPS,5.5,No,3000.0,146.5,70.9,8.3,140.0,1,20.08999999999999,1,17.0,2
2020-08-07 12:31:25.926681,2020-08-07,2,Unieuro,Android,Huawei,P40 Pro+,1399.0,1399.0,8,512.0,Dual SIM,Si,Si,White,OLED,6.58,No,4200.0,158.2,72.6,9.0,226.0,9,0.0,0,0.0,1
2020-08-07 12:31:57.583578,2020-08-07,2,Unieuro,Android,Meizu,M6T Doppia Sim Nero,99.99,189.99,3,32.0,Dual SIM,Si,N.d,Black,LTPS,5.7,No,3300.0,152.3,73.0,8.4,145.0,1,90.00000000000001,1,47.0,5
2020-08-07 12:32:22.683437,2020-08-07,2,Unieuro,Android,Samsung,Galaxy S10+ SM-G975F/DS,759.0,1279.0,8,512.0,Dual SIM ibrida,Si,Si,White,Dynamic AMOLED,6.4,No,4100.0,157.6,74.1,7.8,198.0,7,520.0,1,41.0,5
2020-08-07 12:33:33.080805,2020-08-07,2,Unieuro,Android,Samsung,Galaxy A40,199.0,259.9,4,64.0,Dual SIM,Si,Si,Blue,SAMOLED,5.9,No,3100.0,144.4,69.2,7.9,140.0,1,60.89999999999998,1,23.0,3
2020-08-07 12:34:22.524656,2020-08-07,2,Unieuro,Android,Wiko,View 3 Lite,109.0,129.99,2,32.0,Dual SIM,Si,Si,"Black, Blue",IPS,6.09,No,4000.0,155.5,73.0,8.7,160.1,1,20.99000000000001,1,16.0,2
2020-08-07 12:35:02.646808,2020-08-07,2,Unieuro,Android,Oppo,RX17 Pro Emerald Green,249.0,299.0,6,128.0,N.d,Si,Si,Green,AMOLED,6.4,No,3700.0,157.6,74.6,7.9,183.0,2,50.0,1,17.0,2
2020-08-07 12:35:29.185266,2020-08-07,2,Unieuro,Android,ASUS,ZenFone 4 Selfie Pro ZD552KL-5A001WW smartphone 14,139.0,399.0,4,64.0,Dual SIM,Si,Si,Black,AMOLED,5.5,No,3000.0,154.02,74.83,6.85,147.0,1,260.0,1,65.0,6
2020-08-07 12:35:55.675986,2020-08-07,2,Unieuro,Android,Samsung,Galaxy Note9,499.0,999.0,6,128.0,Dual SIM ibrida,Si,Si,Lavender,SAMOLED,6.4,No,4000.0,161.9,76.4,8.8,201.0,4,500.0,1,50.0,5
2020-08-07 12:37:10.728531,2020-08-07,2,Unieuro,Android,ASUS,ZenFone 5 Doppia SIM 4G,199.0,399.0,4,64.0,Dual SIM,Si,Si,Midnight Blue,IPS,6.2,No,3300.0,7.7,153.0,75.65,165.0,1,200.0,1,50.0,5
2020-08-07 12:37:34.672143,2020-08-07,2,Unieuro,Android,ASUS,ZenFone 5 ZE620KL-1H010EU,199.99,399.0,4,64.0,Dual SIM,Si,Si,Silver,IPS,6.2,No,3300.0,7.7,153.0,75.65,165.0,1,199.01,1,50.0,5
2020-08-07 12:38:09.256726,2020-08-07,2,Unieuro,Android,Wiko,View 2 Plus,139.0,249.99,4,64.0,Dual SIM,N.d,Si,Gold,IPS,5.93,No,4000.0,153.4,73.2,8.6,166.0,1,110.99000000000001,1,44.0,5
2020-08-07 12:38:43.836186,2020-08-07,2,Unieuro,Android,Wiko,View 2 Plus,139.0,249.99,4,64.0,Dual SIM,N.d,Si,Anthracite,IPS,5.93,No,4000.0,153.4,73.2,8.6,166.0,1,110.99000000000001,1,44.0,5
2020-08-07 12:39:08.774924,2020-08-07,2,Unieuro,Android,Samsung,Galaxy S10e SM-G970F/DS,449.0,779.0,6,128.0,Dual SIM ibrida,Si,Si,Yellow,Dynamic AMOLED,5.8,No,3100.0,142.2,69.9,7.9,150.0,4,330.0,1,42.0,5
2020-08-07 12:40:16.316625,2020-08-07,2,Unieuro,Android,Samsung,Galaxy S10e SM-G970F/DS,449.0,779.0,6,128.0,Dual SIM ibrida,Si,Si,White,Dynamic AMOLED,5.8,No,3100.0,142.2,69.9,7.9,150.0,4,330.0,1,42.0,5
2020-08-07 12:41:22.529545,2020-08-07,2,Unieuro,Android,Samsung,Galaxy S10e SM-G970F/DS,449.0,779.0,6,128.0,Dual SIM ibrida,Si,Si,Green,Dynamic AMOLED,5.8,No,3100.0,142.2,69.9,7.9,150.0,4,330.0,1,42.0,5
2020-08-07 12:42:25.447406,2020-08-07,2,Unieuro,Android,Samsung,Galaxy S10e SM-G970F/DS,449.0,779.0,6,128.0,Dual SIM ibrida,Si,Si,Black,Dynamic AMOLED,5.8,No,3100.0,142.2,69.9,7.9,150.0,4,330.0,1,42.0,5
2020-08-07 12:43:28.622610,2020-08-07,2,Unieuro,Android,ASUS,ZENFONE 5 Z,349.0,599.0,8,256.0,Dual SIM ibrida,Si,Si,Blue,IPS,6.2,No,3300.0,7.7,153.0,75.65,165.0,3,250.0,1,42.0,5
2020-08-07 12:44:09.565359,2020-08-07,2,Unieuro,Android,Samsung,Galaxy S10+ SM-G975F/DS,759.0,1279.0,8,512.0,Dual SIM ibrida,Si,Si,Black,Dynamic AMOLED,6.4,No,4100.0,157.6,74.1,7.8,198.0,7,520.0,1,41.0,5
2020-08-07 12:45:08.629246,2020-08-07,2,Unieuro,Android,Motorola,moto g⁷ power,139.0,229.99,4,64.0,N.d,Si,Si,Black,LTPS,6.2,No,5000.0,159.43,76.0,9.3,193.0,1,90.99000000000001,1,40.0,4
2020-08-07 12:45:40.201644,2020-08-07,2,Unieuro,Android,Samsung,Galaxy S10 SM-G973F/DS,729.0,1179.0,8,512.0,Dual SIM ibrida,Si,Si,Black,Dynamic AMOLED,6.1,No,3400.0,149.9,70.4,7.8,157.0,7,450.0,1,38.0,4
2020-08-07 12:46:40.936809,2020-08-07,2,Unieuro,Android,LG,Q60,159.0,249.9,3,64.0,Dual SIM,Si,Si,Blue,IPS,6.26,No,3500.0,161.3,77.0,8.7,172.0,1,90.9,1,36.0,4
2020-08-07 12:47:16.944828,2020-08-07,2,Unieuro,Android,LG,Q60,159.0,249.9,3,64.0,Dual SIM,Si,Si,Black,IPS,6.26,No,3500.0,161.3,77.0,8.7,172.0,1,90.9,1,36.0,4
2020-08-07 12:47:54.248400,2020-08-07,2,Unieuro,Android,Samsung,Galaxy S10 SM-G973F/DS,759.0,1179.0,8,512.0,Dual SIM ibrida,Si,Si,Green,Dynamic AMOLED,6.1,No,3400.0,149.9,70.4,7.8,157.0,7,420.0,1,36.0,4
2020-08-07 12:49:01.452168,2020-08-07,2,Unieuro,Android,ASUS,ZenFone Max Pro (M2) ZB631KL-4D067EU 16,199.0,299.99,6,64.0,Dual SIM,Si,Si,Blue,IPS,6.3,No,5000.0,157.9,75.5,8.5,175.0,1,100.99000000000001,1,34.0,4
2020-08-07 12:49:41.745472,2020-08-07,2,Unieuro,Android,Huawei,P smart Z,189.9,279.9,4,64.0,Dual SIM ibrida,Si,Si,Black,LTPS,6.59,No,4000.0,163.5,77.3,8.8,196.8,1,89.99999999999997,1,32.0,4
2020-08-07 12:50:11.644510,2020-08-07,2,Unieuro,Android,ASUS,ZenFone ZB602KL-4A143EU,179.0,259.99,4,128.0,Dual SIM,Si,Si,Black,IPS,6,No,5000.0,8.45,159.0,76.0,180.0,1,80.99000000000001,1,31.0,4
2020-08-07 12:50:47.875349,2020-08-07,2,Unieuro,Android,Meizu,M6T,89.99,129.99,2,16.0,Dual SIM,Si,N.d,Blue,LTPS,5.7,No,3300.0,152.3,73.0,8.4,145.0,1,40.000000000000014,1,31.0,4
2020-08-07 12:51:15.013190,2020-08-07,2,Unieuro,Android,Motorola,one Action 16,199.0,279.99,4,128.0,Dual SIM,Si,Si,Blue,IPS,6.3,No,3500.0,160.1,71.2,9.15,181.0,1,80.99000000000001,1,28.999999999999996,3
2020-08-07 12:51:50.202378,2020-08-07,2,Unieuro,Android,Samsung,Galaxy A30s,199.0,279.0,4,64.0,Dual SIM,Si,N.d,Black,SAMOLED,6.4,No,4000.0,158.5,74.7,7.8,169.0,1,80.0,1,28.999999999999996,3
2020-08-07 12:52:27.701029,2020-08-07,2,Unieuro,Android,Wiko,WIM 14,109.0,149.99,4,64.0,Dual SIM,Si,Si,Blue,AMOLED,5.5,No,3200.0,156.2,75.3,7.9,160.0,1,40.99000000000001,1,27.0,3
2020-08-07 12:53:06.172111,2020-08-07,2,Unieuro,Android,ASUS,ZenFone Max (M1),119.0,159.99,3,32.0,Dual SIM,Si,Si,Gold,IPS,5.5,No,4000.0,147.3,70.9,8.7,150.0,1,40.99000000000001,1,26.0,3
2020-08-07 12:53:42.325868,2020-08-07,2,Unieuro,Android,Huawei,Y5 2019,109.0,139.9,2,16.0,Dual SIM,Si,Si,Black,IPS,5.71,No,3020.0,147.13,70.78,8.45,146.0,1,30.900000000000006,1,22.0,3
2020-08-07 12:54:14.693525,2020-08-07,2,Unieuro,Android,ASUS,ZenFone Max Pro M1,159.99,199.99,4,64.0,Dual SIM,Si,Si,Silver,IPS,6,No,5000.0,159.0,76.0,8.45,180.0,1,40.0,1,20.0,2
2020-08-07 12:54:43.957489,2020-08-07,2,Unieuro,Android,Huawei,P Smart 2019,159.0,199.9,3,64.0,Dual SIM ibrida,Si,Si,Blue,LTPS,6.21,No,3400.0,155.2,73.4,7.95,160.0,1,40.900000000000006,1,20.0,2
2020-08-07 12:55:15.911220,2020-08-07,2,Unieuro,Android,ASUS,ZenFone Max Pro M2 ZB631KL-4J097EU,179.0,219.99,4,64.0,Dual SIM,Si,Si,Titanium,IPS,6.3,No,5000.0,157.9,75.5,8.5,175.0,1,40.99000000000001,1,19.0,2
2020-08-07 12:55:51.024580,2020-08-07,2,Unieuro,Android,Oppo,RX17 Pro Radiant Mist,249.0,299.0,6,128.0,N.d,Si,Si,Blue,AMOLED,6.4,No,3700.0,157.6,74.6,7.9,183.0,2,50.0,1,17.0,2
2020-08-07 12:56:19.944686,2020-08-07,2,Unieuro,Android,Oppo,Reno,249.0,299.0,6,256.0,Dual SIM,Si,Si,Green,AMOLED,6.4,No,3765.0,156.6,74.3,9.0,185.0,2,50.0,1,17.0,2
2020-08-07 12:56:47.803432,2020-08-07,2,Unieuro,Android,Honor,VIEW 10 Lite 16.5,219.0,259.9,4,128.0,N.d,N.d,N.d,Black,N.d,6.5,TIM,3750.0,160.4,76.6,7.8,175.0,2,40.89999999999998,1,16.0,2
2020-08-07 12:57:08.127613,2020-08-07,2,Unieuro,Android,Samsung,Galaxy S20 Ultra,1299.0,1379.0,12,128.0,Dual SIM,Si,Si,Grey,Dynamic AMOLED,6.9,No,5000.0,166.9,76.0,8.8,220.0,9,80.0,1,6.0,1
2020-08-07 12:57:55.222692,2020-08-07,2,Unieuro,Android,Honor,View 10 Lite 6.5 Doppia SIM Blu,199.0,199.0,4,128.0,Dual SIM,Si,Si,Blue,N.d,6.5,No,3750.0,160.4,76.6,7.8,178.0,1,0.0,0,0.0,1
2020-08-07 12:58:31.467643,2020-08-07,2,Unieuro,Android,Honor,View 10 Lite 6.5 Doppia SIM,199.0,199.0,4,128.0,Dual SIM,Si,Si,Black,N.d,6.5,No,3750.0,160.4,76.6,7.8,178.0,1,0.0,0,0.0,1
2020-08-07 12:59:05.604081,2020-08-07,2,Unieuro,Android,LG,V30,249.0,249.0,4,64.0,Mono SIM,Si,Si,Silver,OLED,6,No,3300.0,151.7,75.4,7.3,158.0,2,0.0,0,0.0,1
2020-08-07 13:00:04.196839,2020-08-07,2,Unieuro,Android,LG,G7 ThinQ SIM singola 4G 64GB Nero,269.9,269.9,4,64.0,Mono SIM,Si,Si,Black,N.d,6.1,No,3000.0,153.2,71.9,7.9,162.0,2,0.0,0,0.0,1
2020-08-07 13:00:41.795306,2020-08-07,2,Unieuro,Android,LG,K10 2017 (M250N) SIM singola 4G 16GB Nero,69.9,69.9,2,16.0,Mono SIM,Si,Si,Black,IPS,5.3,Vodafone,,148.7,75.3,7.9,144.0,1,0.0,0,0.0,1
2020-08-07 13:01:14.302073,2020-08-07,2,Unieuro,Android,LG,Q6 M700A,129.99,129.99,3,32.0,Mono SIM,Si,Si,Platinum,IPS,5.5,Vodafone,3000.0,142.5,69.3,8.1,149.0,1,0.0,0,0.0,1
2020-08-07 13:01:54.075327,2020-08-07,2,Unieuro,Android,LG,K4 2017,79.99,79.99,1,8.0,N.d,Si,N.d,Black,IPS,5,TIM,2500.0,144.7,72.6,7.9,138.0,1,0.0,0,0.0,1
2020-08-07 13:02:19.358907,2020-08-07,2,Unieuro,Android,LG,K9 LMX210EMW Doppia SIM 4G 16GB Nero,79.0,79.0,2,16.0,Dual SIM,Si,Si,Black,IPS,5,No,2500.0,146.3,73.2,8.2,152.0,1,0.0,0,0.0,1
2020-08-07 13:03:00.088055,2020-08-07,2,Unieuro,Android,LG,K4 (2017) SIM singola 4G 8GB Nero,69.9,69.9,1,8.0,Mono SIM,Si,Si,Black,IPS,5,Vodafone,2500.0,144.7,72.6,7.9,135.0,1,0.0,0,0.0,1
2020-08-07 13:03:37.214338,2020-08-07,2,Unieuro,Android,LG,K11,79.9,79.9,2,16.0,N.d,Si,Si,"Black, Gold",IPS,5.3,No,3000.0,148.7,75.3,8.68,162.0,1,0.0,0,0.0,1
2020-08-07 13:04:07.859918,2020-08-07,2,Unieuro,Android,Huawei,Y6 2019,119.0,139.9,2,32.0,Dual SIM,Si,Si,Black,IPS,6.09,No,3020.0,156.28,73.5,8.0,150.0,1,20.900000000000006,1,15.0,2
2020-08-07 13:04:36.710497,2020-08-07,2,Unieuro,Android,Huawei,Y6 2019,119.0,139.9,2,32.0,Dual SIM,Si,Si,Blue,IPS,6.09,No,3020.0,156.28,73.5,8.0,150.0,1,20.900000000000006,1,15.0,2
2020-08-07 13:05:04.733963,2020-08-07,2,Unieuro,Android,LG,K20,89.9,89.9,1,16.0,Dual SIM ibrida,Si,Si,Black,TFT,5.45,No,3000.0,148.6,71.9,8.3,153.0,1,0.0,0,0.0,1
2020-08-07 13:05:40.105345,2020-08-07,2,Unieuro,Android,ASUS,ZenFone L1,89.99,89.99,,,Dual SIM,Si,Si,Gold,IPS,5.5,No,3000.0,147.26,71.77,8.15,140.0,1,0.0,0,0.0,1
2020-08-07 13:06:07.142799,2020-08-07,2,Unieuro,Android,Samsung,Galaxy A70,349.9,349.9,6,128.0,Dual SIM,Si,Si,White,SAMOLED,6.7,No,4500.0,164.3,76.7,7.9,183.0,3,0.0,0,0.0,1
2020-08-07 13:06:49.927422,2020-08-07,2,Unieuro,Android,Xiaomi,Redmi 9,169.9,169.9,4,64.0,Dual SIM,Si,N.d,Grey,IPS,6.53,No,5020.0,163.32,77.01,9.1,198.0,1,0.0,0,0.0,1
2020-08-07 13:07:20.281601,2020-08-07,2,Unieuro,Android,Xiaomi,Mi Note 10,449.9,449.9,6,128.0,Dual SIM,Si,Si,Green,AMOLED,6.47,No,5260.0,157.8,74.2,9.67,208.0,4,0.0,0,0.0,1
2020-08-07 13:08:04.172473,2020-08-07,2,Unieuro,Android,Moto,G8 Plus 16,269.0,269.0,4,64.0,Dual SIM ibrida,Si,Si,Blue,LTPS,6.3,WindTre,4000.0,158.35,75.8,9.09,188.0,2,0.0,0,0.0,1
2020-08-07 13:08:41.399669,2020-08-07,2,Unieuro,Android,Samsung,Galaxy SM-A307F,209.0,279.9,4,64.0,Dual SIM,Si,N.d,Black,SAMOLED,6.4,No,4000.0,158.5,74.7,7.8,169.0,2,70.89999999999998,1,25.0,3
2020-08-07 13:09:23.825686,2020-08-07,2,Unieuro,Android,Oppo,Find X2 Pro 17,1106.0,1199.0,12,512.0,Dual SIM,Si,N.d,Black,OLED,6.7,No,4260.0,165.2,74.4,8.8,217.0,9,93.0,1,8.0,1
2020-08-07 13:09:52.186281,2020-08-07,2,Unieuro,Android,Xiaomi,Redmi Note 7 16,179.9,179.9,4,64.0,Dual SIM ibrida,Si,Si,Black,IPS,6.3,No,4000.0,159.21,75.21,8.1,186.0,1,0.0,0,0.0,1
2020-08-07 13:10:29.067212,2020-08-07,2,Unieuro,Android,Xiaomi,Mi Note 10,599.9,599.9,6,128.0,Dual SIM,Si,Si,White,AMOLED,6.47,No,5260.0,157.8,74.2,9.67,208.0,5,0.0,0,0.0,1
2020-08-07 13:11:06.178318,2020-08-07,2,Unieuro,Android,Oppo,RX17 Neo Astral Blue,189.0,189.0,4,128.0,N.d,Si,N.d,Blue,AMOLED,6.41,No,3600.0,158.3,75.5,7.4,156.0,1,0.0,0,0.0,1
2020-08-07 13:11:33.255506,2020-08-07,2,Unieuro,Android,LG,K50,139.9,139.9,3,32.0,Dual SIM,Si,Si,Black,IPS,6.26,No,3500.0,161.3,77.0,8.7,172.0,1,0.0,0,0.0,1
2020-08-07 13:12:13.209721,2020-08-07,2,Unieuro,Android,ASUS,ZenFone 6 ZS630KL,479.0,559.0,6,128.0,Dual SIM,Si,Si,Black,IPS,6.4,No,5000.0,159.1,75.44,9.1,190.0,4,80.0,1,14.000000000000002,2
2020-08-07 13:12:49.045216,2020-08-07,2,Unieuro,Android,Xiaomi,Redmi 8,163.0,169.9,4,64.0,Dual SIM,Si,Si,Black,IPS,6.22,No,5000.0,156.5,75.4,9.4,188.0,1,6.900000000000006,1,4.0,1
2020-08-07 13:13:27.650759,2020-08-07,2,Unieuro,Android,Honor,10 Lite,179.9,179.9,3,64.0,Dual SIM,Si,Si,Blue,LTPS,6.21,No,3400.0,154.8,73.64,7.95,162.0,1,0.0,0,0.0,1
2020-08-07 13:13:58.562517,2020-08-07,2,Unieuro,Android,Samsung,Galaxy S8 4G 64GB Gold,329.9,329.9,4,64.0,N.d,Si,Si,Gold,SAMOLED,5.8,No,3000.0,148.9,68.1,8.0,155.0,3,0.0,0,0.0,1
2020-08-07 13:14:32.739147,2020-08-07,2,Unieuro,Android,Oppo,AX7,169.0,169.0,4,64.0,Dual SIM,Si,Si,Blue,N.d,6.2,No,4230.0,155.9,75.4,8.1,168.0,1,0.0,0,0.0,1
2020-08-07 13:15:01.630458,2020-08-07,2,Unieuro,Android,ASUS,ZenFone L1,89.99,89.99,,,Dual SIM,Si,Si,Black,IPS,5.5,No,3000.0,147.26,71.77,8.15,140.0,1,0.0,0,0.0,1
2020-08-07 13:15:35.464542,2020-08-07,2,Unieuro,Android,realme,X3 SuperZoom,499.99,499.99,12,256.0,Dual SIM,Si,N.d,Blue,LED,6.6,No,4200.0,202.0,8.9,163.8,75.8,4,0.0,0,0.0,1
2020-08-07 13:16:05.752863,2020-08-07,2,Unieuro,Android,ASUS,ZenFone max pro M2 ZB631KL-4D087EU 16,239.0,319.99,6,128.0,Dual SIM,Si,Si,Blue,IPS,6.3,No,5000.0,157.9,75.5,8.5,175.0,2,80.99000000000001,1,25.0,3
2020-08-07 13:16:44.858875,2020-08-07,2,Unieuro,Android,Honor,8A,119.0,149.9,3,32.0,N.d,Si,Si,Black,IPS,6.09,TIM,3020.0,156.28,73.5,8.0,150.0,1,30.900000000000006,1,21.0,3
2020-08-07 13:17:14.040479,2020-08-07,2,Unieuro,Android,Honor,9X,189.0,229.0,4,128.0,Dual SIM ibrida,Si,Si,Black,IPS,6.59,No,4000.0,163.5,77.3,8.8,196.8,1,40.0,1,17.0,2
2020-08-07 13:17:49.178703,2020-08-07,2,Unieuro,Android,Huawei,nova 5T,299.0,339.0,6,128.0,Dual SIM,Si,Si,Black,IPS,6.26,No,3750.0,154.25,73.97,7.87,174.0,2,40.0,1,12.0,2
2020-08-07 13:18:24.247249,2020-08-07,2,Unieuro,Android,Xiaomi,Mi Note 10 Pro,599.9,599.9,8,256.0,Dual SIM,Si,Si,Black,AMOLED,6.47,No,5260.0,157.8,74.2,9.67,208.0,5,0.0,0,0.0,1
2020-08-07 13:19:11.358985,2020-08-07,2,Unieuro,Android,ASUS,ZenFone 4 SIM singola 4G 64GB Nero,199.9,199.9,4,64.0,Mono SIM,Si,Si,Black,IPS,5.5,TIM,3300.0,155.4,75.2,7.7,155.0,1,0.0,0,0.0,1
2020-08-07 13:19:54.157990,2020-08-07,2,Unieuro,Android,SONY,Xperia XA1 Ultra,149.9,149.9,4,32.0,Mono SIM,Si,Si,White,IPS,6,No,2700.0,165.0,79.0,8.1,188.0,1,0.0,0,0.0,1
2020-08-07 13:20:48.653444,2020-08-07,2,Unieuro,Android,Huawei,P20,249.0,249.0,4,128.0,Dual SIM,Si,Si,Black,TFT-LCD,5.8,No,3400.0,149.1,70.8,7.65,165.0,2,0.0,0,0.0,1
2020-08-07 13:21:35.064412,2020-08-07,2,Unieuro,Android,Samsung,Galaxy S9 SM-G960F/DS,329.0,329.0,4,64.0,N.d,Si,Si,Polaris Blue,SAMOLED,5.8,No,3000.0,147.7,68.7,8.5,163.0,3,0.0,0,0.0,1
2020-08-07 13:22:12.812206,2020-08-07,2,Unieuro,Android,LG,K50,139.9,139.9,3,32.0,Dual SIM,Si,Si,Blue,IPS,6.26,No,3500.0,161.3,77.0,8.7,172.0,1,0.0,0,0.0,1
2020-08-07 13:22:57.101887,2020-08-07,2,Unieuro,Android,Huawei,Mate 20 Pro,499.0,499.0,6,128.0,N.d,Si,Si,Midnight Blue,OLED,6.39,No,4200.0,157.8,72.3,8.6,189.0,4,0.0,0,0.0,1
2020-08-07 13:23:35.682121,2020-08-07,2,Unieuro,Android,Huawei,Y7 2019,149.9,149.9,3,32.0,Dual SIM,Si,Si,Blue,N.d,6.26,No,4000.0,158.92,76.91,8.95,168.0,1,0.0,0,0.0,1
2020-08-07 13:24:03.746537,2020-08-07,2,Unieuro,Android,Honor,View 20,599.0,599.0,8,256.0,Dual SIM,Si,Si,Blue,N.d,6.4,No,4000.0,156.9,75.4,8.1,180.0,5,0.0,0,0.0,1
2020-08-07 13:24:27.621998,2020-08-07,2,Unieuro,Android,Honor,9X,229.0,229.0,4,128.0,Dual SIM ibrida,Si,Si,Blue,IPS,6.59,No,4000.0,163.5,77.3,8.8,196.8,2,0.0,0,0.0,1
2020-08-07 13:25:01.754216,2020-08-07,2,Unieuro,Android,Honor,Play 16,179.0,179.0,4,64.0,Dual SIM ibrida,Si,Si,Blue,IPS,6.3,No,3750.0,157.91,74.27,7.48,176.0,1,0.0,0,0.0,1
2020-08-07 13:25:36.895099,2020-08-07,2,Unieuro,Android,Honor,Play 6.3 Dual SIM Nero,179.0,179.0,4,64.0,Dual SIM ibrida,Si,Si,Black,IPS,6.3,No,3750.0,157.91,74.27,7.48,176.0,1,0.0,0,0.0,1
2020-08-07 13:26:27.435059,2020-08-07,2,Unieuro,Android,Xiaomi,Mi 9,329.0,329.0,6,128.0,Dual SIM,Si,Si,Blue,AMOLED,6.39,No,3300.0,157.5,74.67,7.61,173.0,3,0.0,0,0.0,1
2020-08-07 13:27:05.258758,2020-08-07,2,Unieuro,Android,Huawei,P20 Pro,329.0,329.0,6,128.0,N.d,Si,Si,Blue,OLED,6.1,Vodafone,4000.0,155.0,73.9,7.8,180.0,3,0.0,0,0.0,1
2020-08-07 13:28:02.061501,2020-08-07,2,Unieuro,Android,Xiaomi,Mi 9 lite,249.9,249.9,6,64.0,Dual SIM,Si,Si,Grey,AMOLED,6.39,No,4030.0,156.8,74.5,8.67,179.0,2,0.0,0,0.0,1
2020-08-07 13:28:31.329779,2020-08-07,2,Unieuro,Android,Xiaomi,Mi 9 Lite,249.9,249.9,6,128.0,N.d,Si,Si,Blue,AMOLED,6.39,Vodafone,4030.0,156.6,74.5,8.67,179.0,2,0.0,0,0.0,1
2020-08-07 13:29:01.707260,2020-08-07,2,Unieuro,Android,Huawei,P20 Pro,329.0,329.0,6,128.0,Dual SIM,Si,Si,Black,AMOLED,6.1,No,4000.0,155.0,73.9,7.8,180.0,3,0.0,0,0.0,1
2020-08-07 13:29:55.081540,2020-08-07,2,Unieuro,Android,Samsung,Galaxy A40 15,219.0,219.0,4,64.0,Dual SIM,Si,Si,Coral,SAMOLED,5.9,TIM,3100.0,144.4,69.2,7.9,140.0,2,0.0,0,0.0,1
2020-08-07 13:30:34.828657,2020-08-07,2,Unieuro,Android,Samsung,Galaxy A9 (2018) A9,299.9,299.9,6,128.0,Dual SIM,Si,Si,Black,SAMOLED,6.3,No,3800.0,162.5,77.0,7.8,183.0,2,0.0,0,0.0,1
2020-08-07 13:31:19.938207,2020-08-07,2,Unieuro,Android,Oppo,A3 Moonlight Silver,169.0,169.0,4,128.0,Dual SIM,Si,Si,Silver,N.d,6.2,No,3400.0,156.0,75.3,7.8,159.0,1,0.0,0,0.0,1
2020-08-07 13:31:45.936094,2020-08-07,2,Unieuro,Android,Oppo,A3 Diamond Black,169.0,169.0,4,128.0,Dual SIM,Si,Si,Black,N.d,6.2,No,3400.0,156.0,75.3,7.8,159.0,1,0.0,0,0.0,1
2020-08-07 13:32:12.900196,2020-08-07,2,Unieuro,Android,LG,V30,199.9,199.9,4,64.0,Mono SIM,Si,Si,Blue,OLED,6,Vodafone,3300.0,151.7,75.4,7.3,158.0,1,0.0,0,0.0,1
2020-08-07 13:33:05.963239,2020-08-07,2,Unieuro,Android,Huawei,P20 Lite,219.9,219.9,4,64.0,Dual SIM,Si,Si,Black,TFT-LCD,5.84,No,3000.0,148.6,71.2,7.4,145.0,2,0.0,0,0.0,1
2020-08-07 13:33:51.655977,2020-08-07,2,Unieuro,Android,Samsung,Galaxy S7 Black 32GB Nero,179.9,179.9,,32.0,Mono SIM,N.d,Si,Black,SAMOLED,5.1,No,3000.0,142.4,69.6,7.9,152.0,1,0.0,0,0.0,1
2020-08-07 13:34:16.530203,2020-08-07,2,Unieuro,Android,Samsung,Galaxy A40 15,219.0,219.0,4,64.0,Dual SIM,Si,Si,Black,SAMOLED,5.9,No,3100.0,144.4,69.2,7.9,140.0,2,0.0,0,0.0,1
2020-08-07 13:34:54.996818,2020-08-07,2,Unieuro,Android,Honor,7X,149.9,149.9,4,64.0,Dual SIM ibrida,Si,Si,"Black, Grey",IPS,5.93,No,3340.0,156.5,75.3,7.6,165.0,1,0.0,0,0.0,1
2020-08-07 13:35:41.937683,2020-08-07,2,Unieuro,Android,Wiko,Y60,69.99,69.99,1,16.0,Dual SIM,Si,Si,Gold,N.d,5.45,No,2500.0,146.8,71.8,9.3,177.7,1,0.0,0,0.0,1
2020-08-07 13:36:08.725228,2020-08-07,2,Unieuro,Android,Wiko,Y60,69.99,69.99,1,16.0,Dual SIM,Si,Si,Blue,N.d,5.45,No,2500.0,146.8,71.8,9.3,177.7,1,0.0,0,0.0,1
2020-08-07 13:36:32.799776,2020-08-07,2,Unieuro,Android,Wiko,View2,99.99,99.99,3,32.0,Dual SIM ibrida,Si,Si,Gold,IPS,6,No,3000.0,154.5,72.0,8.3,153.0,1,0.0,0,0.0,1
2020-08-07 13:37:04.098563,2020-08-07,2,Unieuro,Android,Wiko,View2,99.99,99.99,3,32.0,Dual SIM ibrida,Si,Si,Anthracite,IPS,6,No,3000.0,154.5,72.0,8.3,153.0,1,0.0,0,0.0,1
2020-08-07 13:37:44.634633,2020-08-07,2,Unieuro,Android,Samsung,Galaxy S8 64GB Orchid Gray,399.9,399.9,4,64.0,Mono SIM,Si,Si,Grey,SAMOLED,5.8,TIM,3000.0,148.9,68.1,8.0,155.0,3,0.0,0,0.0,1
2020-08-07 13:38:26.003582,2020-08-07,2,Unieuro,Android,Samsung,Galaxy S8 64GB Blu,399.9,399.9,4,64.0,N.d,Si,Si,Blue,SAMOLED,5.8,TIM,3000.0,148.9,68.1,8.0,155.0,3,0.0,0,0.0,1
2020-08-07 13:39:07.441465,2020-08-07,2,Unieuro,Android,Samsung,Galaxy S8+ 4G 64GB Orchid grey,399.0,399.0,4,64.0,Mono SIM,Si,Si,Orchid grey,SAMOLED,6.2,No,3500.0,159.5,73.4,8.1,173.0,3,0.0,0,0.0,1
2020-08-07 13:39:46.495074,2020-08-07,2,Unieuro,Android,Samsung,Galaxy S8+ 4G 64GB Arctic silver,399.0,399.0,4,64.0,Mono SIM,Si,Si,Arctic silver,SAMOLED,6.2,No,3500.0,159.5,73.4,8.1,173.0,3,0.0,0,0.0,1
2020-08-07 13:40:25.063222,2020-08-07,2,Unieuro,Android,Samsung,Galaxy S8+ 4G 64GB Midnight black,399.0,399.0,4,64.0,Mono SIM,Si,Si,Midnight Black,SAMOLED,6.2,No,3500.0,159.5,73.4,8.1,173.0,3,0.0,0,0.0,1
2020-08-07 13:41:01.262926,2020-08-07,2,Unieuro,Android,Honor,9 Lite,199.9,199.9,4,64.0,Dual SIM ibrida,Si,Si,Black,IPS,5.65,No,3000.0,151.0,71.9,7.6,149.0,1,0.0,0,0.0,1
2020-08-07 13:41:29.506077,2020-08-07,2,Unieuro,Android,Honor,10,199.0,199.0,4,64.0,Dual SIM,Si,Si,Black,IPS,5.84,No,3400.0,149.6,71.2,7.7,153.0,1,0.0,0,0.0,1
2020-08-07 13:42:23.624466,2020-08-07,2,Unieuro,Android,Xiaomi,Mi 9,329.0,329.0,6,128.0,Dual SIM,Si,Si,Black,AMOLED,6.39,No,3300.0,157.5,74.67,7.61,173.0,3,0.0,0,0.0,1
2020-08-07 13:43:05.237680,2020-08-07,2,Unieuro,Android,Samsung,Galaxy J6+ J6+,129.0,129.0,3,32.0,Mono SIM,Si,Si,Grey,TFT,6,No,3300.0,161.4,76.9,7.9,178.0,1,0.0,0,0.0,1
2020-08-07 13:43:47.642740,2020-08-07,2,Unieuro,Android,Samsung,Galaxy J6+ SM-J610,129.9,129.9,3,32.0,Mono SIM,Si,Si,Black,TFT,6,No,3300.0,161.4,76.9,7.9,178.0,1,0.0,0,0.0,1
2020-08-07 13:44:17.228238,2020-08-07,2,Unieuro,Android,Samsung,Galaxy J4+,119.9,119.9,2,32.0,Dual SIM,Si,Si,Pink,TFT,6,No,3300.0,161.4,76.9,7.9,178.0,1,0.0,0,0.0,1
2020-08-07 13:44:58.865647,2020-08-07,2,Unieuro,Android,Oppo,RX17 Neo Mocha Red,189.0,189.0,4,128.0,N.d,Si,N.d,Red,AMOLED,6.41,No,3600.0,158.3,75.5,7.4,156.0,1,0.0,0,0.0,1
2020-08-07 13:45:29.068342,2020-08-07,2,Unieuro,Android,Huawei,Mate 20 lite,199.0,199.0,4,64.0,Dual SIM ibrida,Si,Si,Blue,IPS,6.3,No,3750.0,158.3,75.3,7.6,172.0,1,0.0,0,0.0,1
2020-08-07 13:46:03.248300,2020-08-07,2,Unieuro,Android,Huawei,Mate 20 lite,199.0,199.0,4,64.0,Dual SIM ibrida,Si,Si,Black,IPS,6.3,No,3750.0,158.3,75.3,7.6,172.0,1,0.0,0,0.0,1
2020-08-07 13:46:28.856012,2020-08-07,2,Unieuro,Android,Huawei,Y6 2018,89.9,89.9,2,16.0,Dual SIM,Si,Si,Gold,IPS,5.7,TIM,3000.0,152.4,73.0,7.8,150.0,1,0.0,0,0.0,1
2020-08-07 13:47:02.951168,2020-08-07,2,Unieuro,Android,Samsung,Galaxy A6+ A6+ Dual SIM,199.9,199.9,3,32.0,Dual SIM,Si,Si,Black,SAMOLED,6,No,3500.0,160.2,75.7,7.9,191.0,1,0.0,0,0.0,1
2020-08-07 13:47:55.927856,2020-08-07,2,Unieuro,Android,Samsung,Galaxy A6 Dual SIM,179.9,179.9,3,32.0,Dual SIM,Si,Si,Lavender,SAMOLED,5.6,No,3000.0,149.9,70.8,7.7,162.0,1,0.0,0,0.0,1
2020-08-07 13:48:41.796908,2020-08-07,2,Unieuro,Android,Xiaomi,Mi A3,199.9,199.9,4,64.0,Dual SIM,Si,Si,White,AMOLED,6.088,No,4030.0,153.48,71.85,8.475,173.8,1,0.0,0,0.0,1
2020-08-07 13:49:17.995607,2020-08-07,2,Unieuro,Android,Xiaomi,Mi A3,199.9,199.9,4,64.0,Dual SIM,Si,Si,Grey,AMOLED,6.088,No,4030.0,153.48,71.85,8.475,173.8,1,0.0,0,0.0,1
2020-08-07 13:49:50.576607,2020-08-07,2,Unieuro,Android,Xiaomi,Mi A3,199.9,199.9,4,64.0,Dual SIM,Si,Si,Blue,AMOLED,6.088,No,4030.0,153.48,71.85,8.475,173.8,1,0.0,0,0.0,1
2020-08-07 13:50:29.590882,2020-08-07,2,Unieuro,Android,Samsung,Galaxy A9 (2018) 16,279.0,279.0,6,128.0,N.d,Si,Si,Blue,SAMOLED,6.3,TIM,3800.0,162.5,77.0,7.8,183.0,2,0.0,0,0.0,1
2020-08-07 13:51:15.886700,2020-08-07,2,Unieuro,Android,Samsung,Galaxy J6,99.9,99.9,3,32.0,Dual SIM,Si,N.d,Black,SAMOLED,5.6,No,3000.0,149.3,70.2,8.2,154.0,1,0.0,0,0.0,1
2020-08-07 13:51:44.094689,2020-08-07,2,Unieuro,Android,Oppo,Reno Z,219.0,219.0,4,128.0,Dual SIM,Si,Si,Purple,AMOLED,6.4,No,4035.0,157.3,74.9,9.1,186.0,2,0.0,0,0.0,1
2020-08-07 13:52:20.104665,2020-08-07,2,Unieuro,Android,Oppo,Reno Z,219.0,219.0,4,128.0,Dual SIM,Si,Si,Black,AMOLED,6.4,No,4035.0,157.3,74.9,9.1,186.0,2,0.0,0,0.0,1
2020-08-07 13:52:51.926173,2020-08-07,2,Unieuro,Android,Honor,7X,149.9,149.9,4,64.0,Dual SIM ibrida,Si,Si,"Black, Blue",IPS,5.93,No,3340.0,156.5,75.3,7.6,165.0,1,0.0,0,0.0,1
2020-08-07 13:53:33.132667,2020-08-07,2,Unieuro,Android,Wiko,Sunny 3,59.99,59.99,0.5,8.0,Dual SIM,Si,Si,Red,TN,5,No,2000.0,146.7,74.0,9.95,140.0,1,0.0,0,0.0,1
2020-08-07 13:54:00.666072,2020-08-07,2,Unieuro,Android,Wiko,Sunny 3,59.99,59.99,0.512,8.0,Dual SIM,Si,Si,Black,TN,5,No,2000.0,146.7,74.0,9.95,140.0,1,0.0,0,0.0,1
2020-08-07 13:54:26.182243,2020-08-07,2,Unieuro,Android,Samsung,Galaxy J6,129.9,129.9,3,32.0,Dual SIM,Si,N.d,"Black, Gold",SAMOLED,5.6,No,3000.0,149.3,70.2,8.2,154.0,1,0.0,0,0.0,1
2020-08-07 13:54:59.733760,2020-08-07,2,Unieuro,Android,Samsung,Galaxy Xcover 4,219.9,219.9,2,16.0,Mono SIM,Si,Si,Black,TFT,5,No,2800.0,146.2,73.3,9.7,172.0,2,0.0,0,0.0,1
2020-08-07 13:55:36.225567,2020-08-07,2,Unieuro,Android,Honor,7S,99.9,99.9,2,16.0,Dual SIM,Si,Si,Blue,IPS,5.45,No,3020.0,146.5,70.9,8.3,142.0,1,0.0,0,0.0,1
2020-08-07 13:56:05.163085,2020-08-07,2,Unieuro,Android,ASUS,ROG Phone II ZS660KL-1A050EU,699.0,699.0,8,128.0,Dual SIM,Si,Si,Black,AMOLED,6.59,No,6000.0,170.99,77.6,9.48,240.0,6,0.0,0,0.0,1
2020-08-07 13:56:47.465525,2020-08-07,2,Unieuro,Android,Wiko,upulse 14,99.99,99.99,3,32.0,Dual SIM,Si,Si,Red,IPS,5.5,No,3000.0,153.5,77.5,8.5,167.0,1,0.0,0,0.0,1
2020-08-07 13:57:30.556335,2020-08-07,2,Unieuro,Android,Wiko,View 2 Pro,139.99,139.99,4,64.0,Dual SIM ibrida,Si,Si,Anthracite,IPS,6,No,3000.0,153.0,72.6,8.3,164.0,1,0.0,0,0.0,1
2020-08-07 13:58:12.204571,2020-08-07,2,Unieuro,Android,Nokia,2.2,109.99,109.99,2,16.0,N.d,Si,Si,Black,TFT,5.71,No,3000.0,145.96,70.56,9.3,153.0,1,0.0,0,0.0,1
2020-08-07 13:58:37.144536,2020-08-07,2,Unieuro,Android,Huawei,Y 6 2018,79.9,79.9,2,16.0,Mono SIM,Si,Si,Black,N.d,5.7,Vodafone,3000.0,152.4,73.0,7.8,150.0,1,0.0,0,0.0,1
2020-08-07 13:59:00.437435,2020-08-07,2,Unieuro,Android,Huawei,Y6,119.9,119.9,2,16.0,Dual SIM,Si,Si,Black,N.d,5.7,No,3000.0,152.4,73.0,7.8,150.0,1,0.0,0,0.0,1
2020-08-07 13:59:20.468597,2020-08-07,2,Unieuro,Android,Xiaomi,Mi 8 lite,159.9,159.9,4,64.0,Dual SIM,Si,Si,Black,N.d,6.26,No,3350.0,156.4,75.8,7.5,169.0,1,0.0,0,0.0,1
2020-08-07 13:59:58.432035,2020-08-07,2,Unieuro,Android,Wiko,Lenny 5,69.0,69.0,1,16.0,Dual SIM,Si,Si,Anthracite,IPS,5.7,No,2800.0,153.5,74.0,9.2,185.0,1,0.0,0,0.0,1
2020-08-07 14:00:32.511431,2020-08-07,2,Unieuro,Android,Wiko,Harry2,79.99,79.99,2,16.0,Dual SIM,Si,Si,Turquoise,IPS,5.45,No,2900.0,147.6,71.3,8.4,150.0,1,0.0,0,0.0,1
2020-08-07 14:01:18.579501,2020-08-07,2,Unieuro,Android,Huawei,Mate 20 Pro,499.0,499.0,6,128.0,N.d,Si,Si,Black,OLED,6.39,No,4200.0,157.8,72.3,8.6,189.0,4,0.0,0,0.0,1
2020-08-07 14:01:57.708146,2020-08-07,2,Unieuro,Android,LG,K40,119.9,119.9,2,32.0,Dual SIM,Si,Si,Grey,IPS,5.7,No,3000.0,153.0,71.9,8.3,144.0,1,0.0,0,0.0,1
2020-08-07 14:02:34.392209,2020-08-07,2,Unieuro,Android,SONY,Xperia E5,79.9,79.9,1.5,16.0,Mono SIM,Si,Si,Black,IPS,5,No,2300.0,144.0,69.0,8.2,147.0,1,0.0,0,0.0,1
2020-08-07 14:03:10.315410,2020-08-07,2,Unieuro,Android,LG,K9,79.9,79.9,2,16.0,Dual SIM,Si,Si,Black,IPS,5,Vodafone,2500.0,146.3,73.2,8.2,152.0,1,0.0,0,0.0,1
2020-08-07 14:03:49.407069,2020-08-07,2,Unieuro,Android,Huawei,Mate 10 Lite 4G 64GB Nero,179.9,179.9,4,64.0,N.d,Si,Si,Black,IPS,5.9,TIM,3340.0,156.2,75.2,7.5,164.0,1,0.0,0,0.0,1
2020-08-07 14:04:23.301622,2020-08-07,2,Unieuro,Android,Wiko,View3,139.99,139.99,3,64.0,Dual SIM,Si,Si,Blue,IPS,6.26,No,4000.0,159.0,76.5,8.2,178.0,1,0.0,0,0.0,1
2020-08-07 14:04:56.859433,2020-08-07,2,Unieuro,Linux,Nokia,8110,79.99,79.99,0.5,4.0,Dual SIM,Si,Si,Black,N.d,2.45,No,1500.0,133.45,49.3,14.9,117.0,1,0.0,0,0.0,1
2020-08-07 14:05:23.091869,2020-08-07,2,Unieuro,Android,LG,G7 Fit,159.9,159.9,4,32.0,Dual SIM,Si,Si,Black,IPS,6.1,No,3000.0,153.2,71.9,7.9,160.0,1,0.0,0,0.0,1
2020-08-07 14:06:05.016705,2020-08-07,2,Unieuro,Android,Archos,Access 50 3G,39.0,39.0,1,8.0,Dual SIM,Si,N.d,Black,TN,5,No,2000.0,143.7,70.9,9.5,,1,0.0,0,0.0,1
2020-08-07 14:06:25.604452,2020-08-07,2,Unieuro,Android,Xiaomi,Redmi 6A,99.9,99.9,2,16.0,Dual SIM,Si,Si,Black,N.d,5.45,No,3000.0,147.5,71.5,8.3,145.0,1,0.0,0,0.0,1
2020-08-07 14:06:49.668416,2020-08-07,2,Unieuro,Android,Wiko,Sunny 3 Mini,54.99,54.99,0.512,8.0,Dual SIM,Si,Si,Black,TN,4,No,1400.0,125.0,64.6,10.3,113.0,1,0.0,0,0.0,1
2020-08-07 14:07:18.674745,2020-08-07,2,Unieuro,Android,Huawei,Y 6 2018,89.9,89.9,2,16.0,Mono SIM,Si,Si,Black,N.d,5.7,TIM,3000.0,152.4,73.0,7.8,150.0,1,0.0,0,0.0,1
2020-08-07 14:07:45.780125,2020-08-07,2,Unieuro,Android,Motorola,Razr,1599.9,1599.9,6,128.0,Mono SIM,Si,Si,Black,P-OLED,6.2,TIM,2510.0,172.0,72.0,6.9,205.0,9,0.0,0,0.0,1
2020-08-07 14:08:13.821090,2020-08-07,2,Unieuro,Android,Samsung,Galaxy A10,159.99,159.99,2,32.0,Dual SIM,Si,Si,Black,TFT,6.2,No,3400.0,155.6,75.6,7.9,168.0,1,0.0,0,0.0,1
2020-08-07 14:08:54.469890,2020-08-07,2,Unieuro,Android,Huawei,Y5 2019,99.0,99.0,2,16.0,Dual SIM,Si,Si,Blue,IPS,5.71,Vodafone,3020.0,147.13,70.78,8.45,146.0,1,0.0,0,0.0,1
2020-08-07 14:09:22.206780,2020-08-07,2,Unieuro,Android,LG,Q7 14,139.99,139.99,3,32.0,Dual SIM,Si,Si,Black,IPS,5.5,Vodafone,3000.0,143.8,69.3,8.4,145.0,1,0.0,0,0.0,1
2020-08-07 14:09:59.970915,2020-08-07,2,Unieuro,Android,Huawei,P20 Lite,219.9,219.9,4,64.0,Mono SIM,Si,Si,"Black, Blue",TFT-LCD,5.84,No,3000.0,148.6,71.2,7.4,145.0,2,0.0,0,0.0,1
2020-08-07 14:10:44.578305,2020-08-07,2,Unieuro,Android,Samsung,Galaxy A6 32,169.0,169.0,3,32.0,Mono SIM,Si,Si,Black,SAMOLED,5.6,Vodafone,3000.0,149.9,70.8,7.7,162.0,1,0.0,0,0.0,1
2020-08-07 14:11:24.730584,2020-08-07,2,Unieuro,Android,Nokia,3.1,129.0,129.0,2,16.0,N.d,Si,Si,Black,IPS,5.2,No,2990.0,146.25,68.65,8.7,138.3,1,0.0,0,0.0,1
2020-08-07 14:11:58.765994,2020-08-07,2,Unieuro,Android,LG,Q Stylus,159.99,159.99,3,32.0,Mono SIM,Si,Si,Black,IPS,6.2,No,3300.0,160.15,77.75,8.4,172.0,1,0.0,0,0.0,1
2020-08-07 14:12:31.123444,2020-08-07,2,Unieuro,Android,ASUS,ZenFone 3 ZC553KL-4G032WW 14,99.99,99.99,3,32.0,Dual SIM,Si,Si,Gold,IPS,5.5,No,4100.0,151.4,76.24,8.3,175.0,1,0.0,0,0.0,1
2020-08-07 14:12:55.512966,2020-08-07,2,Unieuro,Android,ASUS,ROG Phone 3,1099.0,1099.0,16,512.0,Dual SIM,Si,N.d,Black,AMOLED,6.59,No,6000.0,171.0,78.0,9.85,240.0,9,0.0,0,0.0,1
2020-08-07 14:13:24.153561,2020-08-07,2,Unieuro,Android,ASUS,ROG Phone 3,999.0,999.0,12,512.0,Dual SIM,Si,N.d,Black,AMOLED,6.59,No,6000.0,171.0,78.0,9.85,240.0,9,0.0,0,0.0,1
2020-08-07 14:13:50.626826,2020-08-07,2,Unieuro,Android,Archos,Access 57 (4G),59.0,59.0,1,16.0,Dual SIM,Si,N.d,Blue,TN,5.7,No,2400.0,157.0,74.9,10.2,171.0,1,0.0,0,0.0,1
2020-08-05 10:21:19.386162,2020-08-05,2,Unieuro,Android,Samsung,Galaxy A30s,219.0,259.9,4,128.0,Dual SIM,Si,N.d,Black,SAMOLED,6.4,No,4000.0,158.5,74.7,7.8,169.0,2,40.89999999999998,1,16.0,2
2020-08-05 10:21:55.760573,2020-08-05,2,Unieuro,Android,Xiaomi,Redmi Note 8T 16,169.0,229.9,4,64.0,Dual SIM,Si,Si,Grey,IPS,6.3,No,4000.0,161.15,75.4,8.6,199.8,1,60.900000000000006,1,26.0,3
2020-08-05 10:22:33.861107,2020-08-05,2,Unieuro,Android,Samsung,Galaxy A20e,149.0,169.9,3,32.0,Dual SIM,Si,Si,Black,PLS,5.8,No,3000.0,147.4,69.7,8.4,141.0,1,20.900000000000006,1,12.0,2
2020-08-05 10:23:22.405783,2020-08-05,2,Unieuro,Android,Samsung,Galaxy A51,268.9,379.9,4,128.0,Dual SIM,Si,Si,Black,SAMOLED,6.5,No,4000.0,158.5,73.6,7.9,172.0,2,111.0,1,28.999999999999996,3
2020-08-05 10:24:23.486185,2020-08-05,2,Unieuro,Android,Huawei,P30 lite,229.0,299.9,4,128.0,Dual SIM ibrida,Si,Si,Black,IPS,6.15,No,3340.0,152.9,72.7,7.4,159.0,2,70.89999999999998,1,24.0,3
2020-08-05 10:25:10.590074,2020-08-05,2,Unieuro,Android,Samsung,Galaxy A30s,203.0,259.9,4,128.0,Dual SIM,Si,Si,White,SAMOLED,6.4,No,4000.0,158.5,74.7,7.8,169.0,2,56.89999999999998,1,22.0,3
2020-08-05 10:25:58.476889,2020-08-05,2,Unieuro,Android,Samsung,Galaxy Note10 Lite,499.0,629.0,,128.0,Dual SIM,Si,Si,N.d,SAMOLED,6.7,No,4500.0,163.7,76.1,8.7,199.0,4,130.0,1,21.0,3
2020-08-05 10:26:43.279456,2020-08-05,2,Unieuro,Android,Samsung,Galaxy,595.0,929.0,8,128.0,Dual SIM,Si,Si,Grey,Dynamic AMOLED,6.2,No,4000.0,151.7,69.1,7.9,163.0,5,334.0,1,36.0,4
2020-08-05 10:27:59.571957,2020-08-05,2,Unieuro,Android,Xiaomi,Redmi Note 8T 16,169.0,229.9,4,64.0,Dual SIM,Si,Si,Grey,IPS,6.3,No,4000.0,161.15,75.4,8.6,199.8,1,60.900000000000006,1,26.0,3
2020-08-05 10:28:42.159674,2020-08-05,2,Unieuro,Android,Samsung,Galaxy A20e,137.0,169.9,3,32.0,Dual SIM,Si,Si,White,PLS,5.8,No,3000.0,147.4,69.7,8.4,141.0,1,32.900000000000006,1,19.0,2
2020-08-05 10:29:31.673113,2020-08-05,2,Unieuro,Android,Samsung,Galaxy A71,399.0,479.9,6,128.0,Dual SIM,Si,Si,Black,SAMOLED,6.7,No,4500.0,163.6,76.0,7.7,179.0,3,80.89999999999998,1,17.0,2
2020-08-05 10:30:24.483962,2020-08-05,2,Unieuro,Android,Samsung,Galaxy A30s,219.0,259.9,4,128.0,Dual SIM,Si,Si,Green,SAMOLED,6.4,No,4000.0,158.5,74.7,7.8,169.0,2,40.89999999999998,1,16.0,2
2020-08-05 10:31:12.433723,2020-08-05,2,Unieuro,Android,Samsung,Galaxy A71,399.0,479.9,6,128.0,Dual SIM,Si,Si,Silver,SAMOLED,6.7,No,4500.0,163.6,76.0,7.7,179.0,3,80.89999999999998,1,17.0,2
2020-08-05 10:31:57.645827,2020-08-05,2,Unieuro,Android,Huawei,P30 lite,229.0,299.9,4,128.0,Dual SIM ibrida,Si,Si,Blue,IPS,6.15,No,3340.0,152.9,72.7,7.4,159.0,2,70.89999999999998,1,24.0,3
2020-08-05 10:32:45.908716,2020-08-05,2,Unieuro,Android,Xiaomi,Mi Note 10 Lite,275.0,399.0,6,128.0,Dual SIM,Si,N.d,Black,AMOLED,6.47,No,5260.0,157.8,74.2,9.67,204.0,2,124.0,1,31.0,4
2020-08-05 10:33:24.653935,2020-08-05,2,Unieuro,Android,Samsung,Galaxy S10 Lite,469.0,679.0,8,128.0,Dual SIM,Si,Si,White,SAMOLED,6.7,No,4500.0,162.5,75.6,8.1,186.0,4,210.0,1,31.0,4
2020-08-05 10:34:12.092217,2020-08-05,2,Unieuro,Android,Samsung,Galaxy A51,268.9,379.9,4,128.0,Dual SIM,Si,Si,White,SAMOLED,6.5,No,4000.0,158.5,73.6,7.9,172.0,2,111.0,1,28.999999999999996,3
2020-08-05 10:35:17.176214,2020-08-05,2,Unieuro,Android,Samsung,Galaxy A51,268.9,379.9,4,128.0,Dual SIM,Si,Si,Blue,SAMOLED,6.5,No,4000.0,158.5,73.6,7.9,172.0,2,111.0,1,28.999999999999996,3
2020-08-05 10:36:18.111699,2020-08-05,2,Unieuro,Android,Samsung,Galaxy A20e,149.0,169.9,3,32.0,Dual SIM,Si,Si,"Coral, Orange",PLS,5.8,No,3000.0,147.4,69.7,8.4,141.0,1,20.900000000000006,1,12.0,2
2020-08-05 10:37:06.039188,2020-08-05,2,Unieuro,Android,Samsung,Galaxy S10 Lite,469.0,679.0,8,128.0,Dual SIM,Si,Si,Blue,SAMOLED,6.7,No,4500.0,162.5,75.6,8.1,186.0,4,210.0,1,31.0,4
2020-08-05 10:37:53.212640,2020-08-05,2,Unieuro,Android,Samsung,Galaxy A71,399.0,479.9,6,128.0,Dual SIM,Si,Si,Blue,SAMOLED,6.7,No,4500.0,163.6,76.0,7.7,179.0,3,80.89999999999998,1,17.0,2
2020-08-05 10:38:43.096954,2020-08-05,2,Unieuro,Android,Samsung,Galaxy Note10 Lite,469.0,629.0,,128.0,Dual SIM,Si,Si,N.d,SAMOLED,6.7,No,4500.0,163.7,76.1,8.7,199.0,4,160.0,1,25.0,3
2020-08-05 10:39:26.428825,2020-08-05,2,Unieuro,Android,Huawei,P30 lite,229.0,299.9,4,128.0,Dual SIM ibrida,Si,Si,White,IPS,6.15,No,3340.0,152.9,72.7,7.4,159.0,2,70.89999999999998,1,24.0,3
2020-08-05 10:40:10.822000,2020-08-05,2,Unieuro,Android,Xiaomi,Redmi Note 8 Pro,235.0,299.9,6,128.0,Dual SIM ibrida,Si,Si,Black,N.d,6.53,No,4500.0,161.35,76.4,8.79,199.8,2,64.89999999999998,1,22.0,3
2020-08-05 10:41:03.603586,2020-08-05,2,Unieuro,Android,Motorola,one Macro,149.9,209.99,4,64.0,Dual SIM ibrida,Si,Si,Blue,IPS,6.2,No,4000.0,157.6,75.41,8.99,186.0,1,60.09,1,28.999999999999996,3
2020-08-05 10:41:42.777668,2020-08-05,2,Unieuro,Android,realme,5,147.0,199.9,4,128.0,Dual SIM,Si,Si,Blue,IPS,6.5,No,5000.0,164.4,75.6,9.3,198.0,1,52.900000000000006,1,26.0,3
2020-08-05 10:42:21.920937,2020-08-05,2,Unieuro,Android,ASUS,ZenFone Max (M1) nero,119.0,159.99,3,32.0,Dual SIM,Si,Si,Black,N.d,5.5,No,4000.0,8.7,147.3,70.9,150.0,1,40.99000000000001,1,26.0,3
2020-08-05 10:42:56.293994,2020-08-05,2,Unieuro,Android,Xiaomi,Redmi Note 8 Pro,239.0,299.9,6,128.0,Dual SIM ibrida,Si,Si,Green,N.d,6.53,No,4500.0,161.35,76.4,8.79,199.8,2,60.89999999999998,1,20.0,2
2020-08-05 10:43:45.156106,2020-08-05,2,Unieuro,Android,Huawei,P40 lite E,179.9,199.9,4,64.0,Dual SIM,Si,N.d,Black,IPS,6.39,No,4000.0,159.81,76.13,8.13,176.0,1,20.0,1,10.0,1
2020-08-05 10:44:16.701918,2020-08-05,2,Unieuro,Android,Samsung,Galaxy S10 SM-G973F/DS,579.0,779.0,8,128.0,Dual SIM ibrida,Si,Si,Black,Dynamic AMOLED,6.1,No,3400.0,149.9,70.4,7.8,157.0,5,200.0,1,26.0,3
2020-08-05 10:45:33.857692,2020-08-05,2,Unieuro,Android,Samsung,Galaxy A41,239.0,299.9,4,64.0,N.d,Si,N.d,Black,SAMOLED,6.1,No,3500.0,149.9,68.9,7.9,152.0,2,60.89999999999998,1,20.0,2
2020-08-05 10:46:06.065159,2020-08-05,2,Unieuro,Android,Xiaomi,Redmi Note 8T 16,169.0,229.9,4,64.0,Dual SIM,Si,Si,White,IPS,6.3,No,4000.0,161.15,75.4,8.6,199.8,1,60.900000000000006,1,26.0,3
2020-08-05 10:46:47.123868,2020-08-05,2,Unieuro,Android,Huawei,P30 lite New Edition,279.0,349.9,6,256.0,Dual SIM ibrida,Si,Si,Blue,IPS,6.15,No,3340.0,152.9,72.7,7.4,159.0,2,70.89999999999998,1,20.0,2
2020-08-05 10:47:27.348389,2020-08-05,2,Unieuro,Android,Motorola,moto g8 power,199.0,249.99,4,64.0,N.d,Si,Si,Black,IPS,6.4,No,5000.0,155.95,75.84,9.63,197.0,1,50.99000000000001,1,20.0,2
2020-08-05 10:48:08.922835,2020-08-05,2,Unieuro,Android,Samsung,Galaxy A30s,199.0,279.0,4,64.0,Dual SIM,Si,N.d,White,SAMOLED,6.4,No,4000.0,158.5,74.7,7.8,169.0,1,80.0,1,28.999999999999996,3
2020-08-05 10:49:01.838918,2020-08-05,2,Unieuro,Android,Huawei,P30 lite New Edition,279.9,349.9,6,256.0,Dual SIM ibrida,Si,Si,Black,IPS,6.15,No,3340.0,152.9,72.7,7.4,159.0,2,70.0,1,20.0,2
2020-08-05 10:49:43.726043,2020-08-05,2,Unieuro,Android,Samsung,Galaxy A21s SM-A217F/DSN,172.0,209.9,3,32.0,Dual SIM,Si,N.d,Black,PLS,6.5,No,5000.0,163.7,75.3,8.9,192.0,1,37.900000000000006,1,18.0,2
2020-08-05 10:50:09.487656,2020-08-05,2,Unieuro,Android,Huawei,P smart 2019,159.0,199.9,3,64.0,Dual SIM,Si,Si,Black,TFT-LCD,6.21,No,3400.0,155.2,73.4,7.95,160.0,1,40.900000000000006,1,20.0,2
2020-08-05 10:50:31.910377,2020-08-05,2,Unieuro,Android,Oppo,A9 2020,189.0,229.0,4,128.0,Dual SIM,Si,Si,Green,TFT,6.5,No,5000.0,163.6,75.6,9.1,195.0,1,40.0,1,17.0,2
2020-08-05 10:51:14.024738,2020-08-05,2,Unieuro,Android,Xiaomi,Redmi Note 9,199.9,229.9,4,128.0,Dual SIM,Si,N.d,Grey,N.d,6.53,No,5020.0,162.3,77.2,8.9,199.0,1,30.0,1,13.0,2
2020-08-05 10:51:41.651747,2020-08-05,2,Unieuro,Android,Samsung,Galaxy S20 Ultra,1244.0,1379.0,12,128.0,Dual SIM,Si,Si,Black,Dynamic AMOLED,6.9,No,5000.0,166.9,76.0,8.8,220.0,9,135.0,1,10.0,1
2020-08-05 10:52:58.111214,2020-08-05,2,Unieuro,Android,Huawei,Y5p,95.0,109.9,2,32.0,Dual SIM,Si,N.d,Blue,IPS,5.45,No,3020.0,146.5,70.94,8.35,144.0,1,14.900000000000006,1,14.000000000000002,2
2020-08-05 10:53:23.446521,2020-08-05,2,Unieuro,Android,Huawei,P40 lite,249.9,299.9,8,128.0,Dual SIM ibrida,Si,Si,Green,LCD,6.4,No,4200.0,159.2,76.3,8.7,183.0,2,49.99999999999997,1,17.0,2
2020-08-05 10:54:18.309966,2020-08-05,2,Unieuro,Android,Huawei,P Smart 2019,159.9,199.9,3,64.0,Dual SIM,Si,Si,Blue,TFT-LCD,6.21,No,3400.0,155.2,73.4,7.95,160.0,1,40.0,1,20.0,2
2020-08-05 10:54:44.757697,2020-08-05,2,Unieuro,Android,Huawei,P40 lite,249.9,299.9,8,128.0,Dual SIM ibrida,Si,Si,Black,LCD,6.4,No,4200.0,159.2,76.3,8.7,183.0,2,49.99999999999997,1,17.0,2
2020-08-05 10:55:40.794374,2020-08-05,2,Unieuro,Android,Oppo,A5 2020,139.0,179.0,3,64.0,Dual SIM,Si,Si,Black,TFT,6.5,No,5000.0,163.6,75.6,9.1,195.0,1,40.0,1,22.0,3
2020-08-05 10:56:22.028574,2020-08-05,2,Unieuro,Android,ASUS,ROG Phone ZS600KL-1A032EU smartphone,399.0,599.0,8,128.0,Dual SIM,Si,N.d,Black,AMOLED,6,No,4000.0,8.3,158.83,76.16,200.0,3,200.0,1,33.0,4
2020-08-05 10:56:52.533136,2020-08-05,2,Unieuro,Android,Samsung,Galaxy A21s SM-A217F/DSN,174.0,209.9,3,32.0,Dual SIM,Si,N.d,White,PLS,6.5,No,5000.0,163.7,75.3,8.9,192.0,1,35.900000000000006,1,17.0,2
2020-08-05 10:57:24.906423,2020-08-05,2,Unieuro,Android,ASUS,ZenFone 6,399.0,499.0,6,64.0,Dual SIM,Si,Si,Black,IPS,6.4,No,5000.0,159.1,75.44,9.1,190.0,3,100.0,1,20.0,2
2020-08-05 10:58:12.711999,2020-08-05,2,Unieuro,Android,Huawei,P smart 2020,177.0,199.9,4,128.0,Dual SIM ibrida,Si,N.d,Blue,LCD,6.21,No,3400.0,153.36,73.55,8.2,163.0,1,22.900000000000006,1,11.0,2
2020-08-05 10:58:41.500248,2020-08-05,2,Unieuro,Android,Huawei,Y6p 16,139.0,159.9,3,64.0,Dual SIM,Si,N.d,Black,IPS,6.3,No,5000.0,159.07,74.06,9.04,185.0,1,20.900000000000006,1,13.0,2
2020-08-05 10:59:07.601594,2020-08-05,2,Unieuro,Android,Motorola,one Fusion+,259.0,299.9,6,128.0,Mono SIM,Si,N.d,Blue,IPS,6.5,No,5000.0,162.9,76.9,9.6,210.0,2,40.89999999999998,1,14.000000000000002,2
2020-08-05 10:59:44.391870,2020-08-05,2,Unieuro,Android,ASUS,ZenFone Max (M1) oro,119.0,159.99,3,32.0,Dual SIM,Si,Si,Gold,N.d,5.5,No,4000.0,8.7,147.3,70.9,150.0,1,40.99000000000001,1,26.0,3
2020-08-05 11:00:12.849505,2020-08-05,2,Unieuro,Android,Oppo,A9 2020,189.0,229.0,4,128.0,Dual SIM,Si,Si,Purple,TFT,6.5,No,5000.0,163.6,75.6,9.1,195.0,1,40.0,1,17.0,2
2020-08-05 11:00:56.590684,2020-08-05,2,Unieuro,Android,Xiaomi,Redmi Note 9,199.9,229.9,4,128.0,Dual SIM,Si,N.d,Green,N.d,6.53,No,5020.0,162.3,77.2,8.9,199.0,1,30.0,1,13.0,2
2020-08-05 11:01:31.221113,2020-08-05,2,Unieuro,Android,Motorola,one Zoom,289.0,429.99,4,128.0,Dual SIM,Si,Si,Grey,OLED,6.4,No,4000.0,158.0,75.0,8.8,190.0,2,140.99,1,33.0,4
2020-08-05 11:02:06.174466,2020-08-05,2,Unieuro,Android,Huawei,P30 Lite,229.0,299.9,4,128.0,Dual SIM ibrida,Si,Si,Blue,IPS,6.15,No,3340.0,152.9,72.7,7.4,159.0,2,70.89999999999998,1,24.0,3
2020-08-05 11:02:49.639043,2020-08-05,2,Unieuro,Android,Huawei,Y5p,95.0,109.9,2,32.0,Dual SIM,Si,N.d,Black,IPS,5.45,No,3020.0,146.5,70.94,8.35,144.0,1,14.900000000000006,1,14.000000000000002,2
2020-08-05 11:03:17.121444,2020-08-05,2,Unieuro,Android,Motorola,Moto E 6s,105.0,129.99,2,32.0,Dual SIM,Si,N.d,Blue,IPS,6.1,No,3000.0,155.6,73.0,8.5,160.0,1,24.99000000000001,1,19.0,2
2020-08-05 11:03:45.967746,2020-08-05,2,Unieuro,Android,Samsung,Galaxy A21s SM-A217F/DSN,199.0,209.9,3,32.0,Dual SIM,Si,N.d,Blue,PLS,6.5,No,5000.0,163.7,75.3,8.9,192.0,1,10.900000000000006,1,5.0,1
2020-08-05 11:04:11.816320,2020-08-05,2,Unieuro,Android,Samsung,Galaxy,779.0,1029.0,8,128.0,Dual SIM,Si,Si,Black,Dynamic AMOLED,6.7,No,4500.0,161.9,73.7,7.8,186.0,7,250.0,1,24.0,3
2020-08-05 11:05:25.039944,2020-08-05,2,Unieuro,Android,Samsung,Galaxy,779.0,1029.0,8,128.0,Dual SIM,Si,Si,Blue,Dynamic AMOLED,6.7,No,4500.0,161.9,73.7,7.8,186.0,7,250.0,1,24.0,3
2020-08-05 11:06:39.548888,2020-08-05,2,Unieuro,Android,Huawei,P30 Pro,569.9,849.9,8,128.0,Dual SIM ibrida,Si,Si,Black,OLED,6.47,No,4200.0,158.0,73.4,8.41,192.0,5,280.0,1,33.0,4
2020-08-05 11:07:46.486776,2020-08-05,2,Unieuro,Android,Samsung,Galaxy S10 SM-G973F/DS,579.0,779.0,8,128.0,Dual SIM ibrida,Si,Si,White,Dynamic AMOLED,6.1,No,3400.0,149.9,70.4,7.8,157.0,5,200.0,1,26.0,3
2020-08-05 11:09:02.847574,2020-08-05,2,Unieuro,Android,realme,5,149.0,199.9,4,128.0,Dual SIM,N.d,Si,Purple,N.d,6.5,No,5000.0,9.3,75.6,164.4,198.0,1,50.900000000000006,1,25.0,3
2020-08-05 11:09:25.143208,2020-08-05,2,Unieuro,Android,Huawei,P40 lite,249.9,299.9,8,128.0,Dual SIM ibrida,Si,Si,Pink,LCD,6.4,No,4200.0,159.2,76.3,8.7,183.0,2,49.99999999999997,1,17.0,2
2020-08-05 11:10:22.382575,2020-08-05,2,Unieuro,Android,Huawei,P30,439.0,649.9,6,128.0,Dual SIM ibrida,Si,Si,Black,OLED,6.1,No,3650.0,149.1,71.36,7.57,165.0,4,210.89999999999998,1,32.0,4
2020-08-05 11:11:22.583457,2020-08-05,2,Unieuro,Android,Motorola,Moto G Moto G8 Plus 16,199.0,269.99,4,64.0,Dual SIM ibrida,Si,Si,Blue,LTPS,6.3,No,4000.0,158.35,75.83,9.09,188.0,1,70.99000000000001,1,26.0,3
2020-08-05 11:11:59.692435,2020-08-05,2,Unieuro,Android,Huawei,P40 lite E,169.0,199.9,4,64.0,Dual SIM,Si,N.d,Blue,IPS,6.39,No,4000.0,159.81,76.13,8.13,176.0,1,30.900000000000006,1,15.0,2
2020-08-05 11:12:30.053214,2020-08-05,2,Unieuro,Android,Samsung,Galaxy A41,239.0,299.9,4,64.0,N.d,Si,N.d,White,SAMOLED,6.1,No,3500.0,149.9,68.9,7.9,152.0,2,60.89999999999998,1,20.0,2
2020-08-05 11:13:04.127371,2020-08-05,2,Unieuro,Android,Oppo,Reno2,349.9,449.0,8,256.0,Dual SIM,Si,Si,Black,AMOLED,6.5,No,4000.0,160.0,74.3,9.5,189.0,3,99.10000000000002,1,22.0,3
2020-08-05 11:13:48.045076,2020-08-05,2,Unieuro,Android,Samsung,Galaxy S10 SM-G973F/DS,579.0,779.0,8,128.0,Dual SIM ibrida,Si,Si,Green,Dynamic AMOLED,6.1,No,3400.0,149.9,70.4,7.8,157.0,5,200.0,1,26.0,3
2020-08-05 11:15:09.663450,2020-08-05,2,Unieuro,Android,Samsung,Galaxy A41 SM-A415F,239.0,299.9,4,64.0,N.d,Si,N.d,Blue,SAMOLED,6.1,No,3500.0,149.9,68.9,7.9,152.0,2,60.89999999999998,1,20.0,2
2020-08-05 11:15:41.630918,2020-08-05,2,Unieuro,Android,Samsung,Galaxy S10+ SM-G975F/DS,729.0,879.0,8,128.0,Dual SIM ibrida,Si,Si,Black,Dynamic AMOLED,6.4,No,4100.0,157.6,74.1,7.8,175.0,7,150.0,1,17.0,2
2020-08-05 11:16:56.840612,2020-08-05,2,Unieuro,Android,Huawei,P30,439.0,649.9,6,128.0,Dual SIM ibrida,Si,Si,Multicolor,OLED,6.1,No,3650.0,149.1,71.36,7.57,165.0,4,210.89999999999998,1,32.0,4
2020-08-05 11:18:01.599077,2020-08-05,2,Unieuro,Android,Samsung,Galaxy,779.0,1029.0,8,128.0,Dual SIM,Si,Si,Grey,Dynamic AMOLED,6.7,No,4500.0,161.9,73.7,7.8,186.0,7,250.0,1,24.0,3
2020-08-05 11:19:10.041347,2020-08-05,2,Unieuro,Android,Oppo,A52,169.9,199.0,4,64.0,Dual SIM,Si,N.d,White,IPS,6.5,No,4880.0,162.0,75.5,8.9,192.0,1,29.099999999999994,1,15.0,2
2020-08-05 11:19:36.060859,2020-08-05,2,Unieuro,Android,Oppo,Reno2,349.9,449.0,8,256.0,Dual SIM,Si,Si,Blue,AMOLED,6.5,No,4000.0,160.0,74.3,9.5,189.0,3,99.10000000000002,1,22.0,3
2020-08-05 11:20:19.582577,2020-08-05,2,Unieuro,Android,Xiaomi,Redmi Note 9,199.9,229.9,4,128.0,Dual SIM,Si,N.d,White,N.d,6.53,No,5020.0,162.3,77.2,8.9,199.0,1,30.0,1,13.0,2
2020-08-05 11:20:53.218485,2020-08-05,2,Unieuro,Android,LG,K41S LMK410EMW,149.0,159.9,3,32.0,Dual SIM,Si,N.d,Titanium,IPS,6.55,No,4000.0,165.7,76.4,8.2,189.0,1,10.900000000000006,1,7.000000000000001,1
2020-08-05 11:21:31.470270,2020-08-05,2,Unieuro,Android,Huawei,P30 Pro,569.9,849.9,8,128.0,Dual SIM ibrida,Si,Si,Blue,OLED,6.47,No,4200.0,158.0,73.4,8.41,192.0,5,280.0,1,33.0,4
2020-08-05 11:22:36.876152,2020-08-05,2,Unieuro,Android,Huawei,Mate 20,369.0,799.99,4,128.0,N.d,Si,Si,Blue,IPS,6.53,No,4000.0,158.2,77.2,8.3,188.0,3,430.99,1,54.0,6
2020-08-05 11:23:24.429933,2020-08-05,2,Unieuro,Android,Oppo,A5 2020,139.0,179.0,3,64.0,Dual SIM,Si,Si,White,TFT,6.5,No,5000.0,163.6,75.6,9.1,195.0,1,40.0,1,22.0,3
2020-08-05 11:24:11.862322,2020-08-05,2,Unieuro,Android,realme,6 Pro,299.9,349.99,8,128.0,Dual SIM,Si,N.d,Blue,LCD,6.6,No,4300.0,163.8,75.8,8.9,202.0,2,50.09000000000003,1,14.000000000000002,2
2020-08-05 11:24:38.169122,2020-08-05,2,Unieuro,Android,Oppo,A52,169.9,199.0,4,64.0,Dual SIM,Si,N.d,Black,IPS,6.5,No,5000.0,162.0,75.5,8.9,192.0,1,29.099999999999994,1,15.0,2
2020-08-05 11:25:06.190738,2020-08-05,2,Unieuro,Android,Huawei,Y5p,99.9,109.9,2,32.0,Dual SIM,Si,N.d,Green,IPS,5.45,No,3020.0,146.5,70.94,8.35,144.0,1,10.0,1,9.0,1
2020-08-05 11:25:29.575276,2020-08-05,2,Unieuro,Android,Huawei,Y6p 16,139.0,159.9,3,64.0,Dual SIM,Si,N.d,Green,IPS,6.3,No,5000.0,159.07,74.06,9.04,185.0,1,20.900000000000006,1,13.0,2
2020-08-05 11:26:04.751927,2020-08-05,2,Unieuro,Android,realme,6,199.0,229.99,4,64.0,Dual SIM,Si,N.d,Blue,LCD,6.5,No,4300.0,162.1,74.8,9.6,191.0,1,30.99000000000001,1,13.0,2
2020-08-05 11:26:33.093459,2020-08-05,2,Unieuro,Android,ASUS,ZenFone Max ZB555KL-6C163EU 14,119.0,159.99,3,32.0,Dual SIM,Si,N.d,Red,IPS,5.5,No,4000.0,147.3,70.9,8.7,150.0,1,40.99000000000001,1,26.0,3
2020-08-05 11:27:07.669360,2020-08-05,2,Unieuro,Android,Huawei,Y6p 16,139.0,159.9,3,64.0,Dual SIM,Si,N.d,Purple,IPS,6.3,No,5000.0,159.07,74.06,9.04,185.0,1,20.900000000000006,1,13.0,2
2020-08-05 11:27:38.080717,2020-08-05,2,Unieuro,Android,Motorola,EDGE smartphone 17,599.0,699.99,6,128.0,Dual SIM,Si,N.d,Black,OLED,6.7,No,4500.0,161.64,71.1,9.29,188.0,5,100.99000000000001,1,14.000000000000002,2
2020-08-05 11:28:13.410830,2020-08-05,2,Unieuro,Android,Huawei,P40 lite 5G,399.9,399.9,6,128.0,Dual SIM ibrida,Si,Si,Silver,LTPS,6.5,No,4000.0,162.31,75.0,8.58,189.0,3,0.0,0,0.0,1
2020-08-05 11:28:43.968597,2020-08-05,2,Unieuro,Android,Huawei,P30 Pro,569.9,849.9,8,128.0,Dual SIM ibrida,Si,Si,Blue,OLED,6.47,No,4200.0,158.0,73.4,8.41,192.0,5,280.0,1,33.0,4
2020-08-05 11:29:29.880158,2020-08-05,2,Unieuro,Android,Huawei,P30,439.0,649.9,6,128.0,Dual SIM ibrida,Si,Si,Blue,OLED,6.1,No,3650.0,149.1,71.36,7.57,165.0,4,210.89999999999998,1,32.0,4
2020-08-05 11:30:36.410471,2020-08-05,2,Unieuro,Android,Motorola,G8 Power,199.0,249.0,4,64.0,Dual SIM ibrida,Si,Si,Blue,IPS,6.4,Vodafone,5000.0,157.95,75.84,9.63,197.0,1,50.0,1,20.0,2
2020-08-05 11:31:14.424339,2020-08-05,2,Unieuro,Android,Huawei,Y6s,139.0,149.9,3,32.0,Dual SIM,Si,Si,Black,IPS,6.09,No,3020.0,156.28,73.5,8.0,150.0,1,10.900000000000006,1,7.000000000000001,1
2020-08-05 11:31:47.400882,2020-08-05,2,Unieuro,Android,Samsung,Galaxy S20+,1099.0,1129.0,8,128.0,Dual SIM,Si,Si,Black,Dynamic AMOLED,6.7,No,4500.0,161.9,73.7,7.8,186.0,9,30.0,1,3.0,1
2020-08-05 11:32:55.464378,2020-08-05,2,Unieuro,Android,realme,6i,179.0,199.99,4,128.0,Dual SIM,Si,N.d,White,LCD,6.5,No,5000.0,164.4,75.4,9.0,199.0,1,20.99000000000001,1,10.0,1
2020-08-05 11:33:25.900255,2020-08-05,2,Unieuro,Android,Huawei,P smart 2020,179.0,199.9,4,128.0,Dual SIM ibrida,Si,N.d,Black,LCD,6.21,No,3400.0,153.36,73.55,8.2,163.0,1,20.900000000000006,1,10.0,1
2020-08-05 11:33:52.256453,2020-08-05,2,Unieuro,Android,Wiko,VIEW3 Lite,109.0,129.99,2,32.0,Dual SIM,Si,Si,Silver,IPS,6.09,No,4000.0,155.5,73.0,8.7,160.1,1,20.99000000000001,1,16.0,2
2020-08-05 11:34:31.990642,2020-08-05,2,Unieuro,Android,Huawei,P smart Pro,259.0,299.9,6,128.0,Dual SIM ibrida,Si,Si,Black,TFT-LCD,6.59,No,4000.0,163.1,77.2,8.8,206.0,2,40.89999999999998,1,14.000000000000002,2
2020-08-05 11:35:02.233289,2020-08-05,2,Unieuro,Android,Motorola,g8 power lite,164.0,189.99,4,64.0,Dual SIM,Si,N.d,Blue,IPS,6.5,No,5000.0,164.94,75.76,9.2,200.0,1,25.99000000000001,1,14.000000000000002,2
2020-08-05 11:35:39.560709,2020-08-05,2,Unieuro,Android,LG,K51S LMK510EMW,179.9,219.9,3,64.0,Dual SIM,Si,N.d,Titanium,IPS,6.55,No,4000.0,165.2,76.7,8.2,194.0,1,40.0,1,18.0,2
2020-08-05 11:36:10.559527,2020-08-05,2,Unieuro,Android,Huawei,P smart 2020,179.0,199.9,4,128.0,Dual SIM ibrida,Si,N.d,Green,LCD,6.21,No,3400.0,153.36,73.55,8.2,163.0,1,20.900000000000006,1,10.0,1
2020-08-05 11:36:39.581536,2020-08-05,2,Unieuro,Android,Huawei,P40 lite 5G,399.9,399.9,6,128.0,Dual SIM ibrida,Si,Si,Black,LTPS,6.5,No,4000.0,162.31,75.0,8.58,189.0,3,0.0,0,0.0,1
2020-08-05 11:37:08.878743,2020-08-05,2,Unieuro,Android,Huawei,Mate 20,369.0,799.99,4,128.0,N.d,Si,Si,Black,IPS,6.53,No,4000.0,158.2,77.2,8.3,188.0,3,430.99,1,54.0,6
2020-08-05 11:37:49.613196,2020-08-05,2,Unieuro,Android,Motorola,one Macro,149.9,209.99,4,64.0,Dual SIM ibrida,Si,Si,Purple,IPS,6.2,No,4000.0,157.6,75.41,8.99,186.0,1,60.09,1,28.999999999999996,3
2020-08-05 11:38:31.985392,2020-08-05,2,Unieuro,Android,Huawei,P smart S 16,199.9,259.9,4,128.0,Dual SIM,Si,N.d,White,OLED,6.3,No,4000.0,157.4,73.2,7.75,163.0,1,59.99999999999997,1,23.0,3
2020-08-05 11:39:02.069936,2020-08-05,2,Unieuro,Android,Xiaomi,Redmi Note 8 Pro,239.0,299.9,6,128.0,Dual SIM ibrida,Si,Si,Blue,N.d,6.53,No,4500.0,161.35,76.4,8.79,199.8,2,60.89999999999998,1,20.0,2
2020-08-05 11:39:47.526161,2020-08-05,2,Unieuro,Android,Oppo,A91,279.9,329.0,8,128.0,Dual SIM,Si,N.d,Black,AMOLED,6.4,No,4025.0,160.2,73.3,7.9,172.0,2,49.10000000000002,1,15.0,2
2020-08-05 11:40:16.352694,2020-08-05,2,Unieuro,Android,realme,6i,179.0,199.99,4,128.0,Dual SIM,Si,N.d,Green,LCD,6.5,No,5000.0,164.4,75.4,9.0,199.0,1,20.99000000000001,1,10.0,1
2020-08-05 11:40:48.179867,2020-08-05,2,Unieuro,Android,realme,6,199.0,229.99,4,64.0,Dual SIM,Si,N.d,White,LCD,6.5,No,4300.0,162.1,74.8,9.6,191.0,1,30.99000000000001,1,13.0,2
2020-08-05 11:41:17.254044,2020-08-05,2,Unieuro,Android,Motorola,Moto E Moto E6 play 14,99.9,119.99,2,32.0,Dual SIM,Si,Si,Black,IPS,5.5,No,3000.0,146.5,70.9,8.3,140.0,1,20.08999999999999,1,17.0,2
2020-08-05 11:41:46.258060,2020-08-05,2,Unieuro,Android,Samsung,Galaxy Z Flip,1499.0,1499.0,8,256.0,Mono SIM,Si,Si,Black,Dynamic AMOLED,6.7,No,3300.0,167.3,73.6,7.2,183.0,9,0.0,0,0.0,1
2020-08-05 11:42:43.520557,2020-08-05,2,Unieuro,Android,Huawei,P40 lite 5G,399.9,399.9,6,128.0,Dual SIM ibrida,Si,Si,Green,LTPS,6.5,No,4000.0,162.31,75.0,8.58,189.0,3,0.0,0,0.0,1
2020-08-05 11:43:15.515731,2020-08-05,2,Unieuro,Android,Wiko,VIEW Prime,119.0,159.99,4,64.0,Dual SIM,Si,Si,Green,IPS,5.7,No,3000.0,152.3,72.8,8.3,162.0,1,40.99000000000001,1,26.0,3
2020-08-05 11:44:05.741863,2020-08-05,2,Unieuro,Android,Huawei,Mate 30 Pro,699.0,1099.9,8,256.0,Dual SIM ibrida,Si,Si,Silver,OLED,6.53,No,4500.0,158.1,73.1,8.8,198.0,6,400.9000000000001,1,36.0,4
2020-08-05 11:44:55.887436,2020-08-05,2,Unieuro,Android,Motorola,G8 Power,199.0,249.99,4,64.0,N.d,Si,Si,Black,IPS,6.4,Vodafone,5000.0,155.95,75.84,9.63,197.0,1,50.99000000000001,1,20.0,2
2020-08-05 11:45:34.216240,2020-08-05,2,Unieuro,Android,realme,C3,139.0,159.99,3,64.0,Dual SIM,Si,N.d,Blue,LCD,6.5,No,5000.0,164.4,75.0,8.95,195.0,1,20.99000000000001,1,13.0,2
2020-08-05 11:46:00.671460,2020-08-05,2,Unieuro,Android,LG,Velvet,549.9,649.9,6,128.0,N.d,Si,N.d,Grey,OLED,6.8,No,4300.0,167.2,74.1,7.9,180.0,5,100.0,1,15.0,2
2020-08-05 11:46:39.004207,2020-08-05,2,Unieuro,Android,Samsung,Galaxy S10+ SM-G975F/DS,729.0,879.0,8,128.0,Dual SIM ibrida,Si,Si,Green,Dynamic AMOLED,6.4,No,4100.0,157.6,74.1,7.8,175.0,7,150.0,1,17.0,2
2020-08-05 11:47:56.113831,2020-08-05,2,Unieuro,Android,Motorola,Moto E 6 Play 14,99.9,119.99,2,32.0,Mono SIM,Si,N.d,Black,IPS,5.5,No,3000.0,146.5,70.9,8.3,140.0,1,20.08999999999999,1,17.0,2
2020-08-05 11:48:19.755033,2020-08-05,2,Unieuro,Android,Wiko,View4 Lite,119.9,129.99,2,32.0,Dual SIM,Si,Si,Gold,IPS,6.52,No,4000.0,167.0,76.8,8.45,174.0,1,10.090000000000003,1,8.0,1
2020-08-05 11:48:58.172553,2020-08-05,2,Unieuro,Android,Wiko,View4 Lite,119.9,129.99,2,32.0,Dual SIM,Si,Si,Blue,IPS,6.52,No,4000.0,167.0,76.8,8.45,174.0,1,10.090000000000003,1,8.0,1
2020-08-05 11:49:36.714945,2020-08-05,2,Unieuro,Android,Huawei,P30 Pro,569.9,849.9,8,128.0,Dual SIM ibrida,Si,Si,Blue,OLED,6.47,No,4200.0,158.0,73.4,8.41,192.0,5,280.0,1,33.0,4
2020-08-05 11:50:36.536062,2020-08-05,2,Unieuro,Android,Samsung,Galaxy S10+ SM-G975F/DS,729.0,879.0,8,128.0,Dual SIM ibrida,Si,Si,White,Dynamic AMOLED,6.4,No,4100.0,157.6,74.1,7.8,175.0,7,150.0,1,17.0,2
2020-08-05 11:51:59.272045,2020-08-05,2,Unieuro,Android,Wiko,View3 Lite,109.0,129.99,2,32.0,Dual SIM,Si,Si,"Black, Blue",IPS,6.09,TIM,4000.0,155.5,73.0,8.7,160.1,1,20.99000000000001,1,16.0,2
2020-08-05 11:52:35.098910,2020-08-05,2,Unieuro,Android,LG,Velvet,549.9,649.9,6,128.0,N.d,Si,N.d,"Red, Yellow",OLED,6.8,No,4300.0,167.2,74.1,7.9,180.0,5,100.0,1,15.0,2
2020-08-05 11:53:13.733087,2020-08-05,2,Unieuro,Android,Oppo,A91,279.9,329.0,8,128.0,Dual SIM,Si,N.d,Blue,AMOLED,6.4,No,4025.0,160.2,73.3,7.9,172.0,2,49.10000000000002,1,15.0,2
2020-08-05 11:53:45.318831,2020-08-05,2,Unieuro,Android,Huawei,P40 Pro,1049.9,1049.9,8,256.0,Dual SIM ibrida,Si,N.d,Silver,OLED,6.58,No,4200.0,158.2,72.6,8.95,209.0,9,0.0,0,0.0,1
2020-08-05 11:54:18.716579,2020-08-05,2,Unieuro,Android,Huawei,P smart S 16,199.9,259.9,4,128.0,Dual SIM,Si,N.d,Black,OLED,6.3,No,4000.0,157.4,73.2,7.75,163.0,1,59.99999999999997,1,23.0,3
2020-08-05 11:54:49.770931,2020-08-05,2,Unieuro,Android,realme,6 Pro,299.9,349.99,8,128.0,Dual SIM,Si,N.d,Red,LCD,6.6,No,4300.0,163.8,75.8,8.9,202.0,2,50.09000000000003,1,14.000000000000002,2
2020-08-05 11:55:20.022583,2020-08-05,2,Unieuro,Android,Huawei,P40,699.0,799.9,8,128.0,Dual SIM ibrida,Si,N.d,Black,OLED,6.1,No,3800.0,148.9,71.06,8.5,175.0,6,100.89999999999998,1,13.0,2
2020-08-05 11:55:53.582739,2020-08-05,2,Unieuro,Android,Huawei,Y5 2019,109.0,139.9,2,16.0,Dual SIM,Si,Si,Brown,IPS,5.71,No,3020.0,147.13,70.78,8.45,146.0,1,30.900000000000006,1,22.0,3
2020-08-05 11:56:27.648198,2020-08-05,2,Unieuro,Linux,Nokia,800 Tough,109.0,139.99,0.5,4.0,Dual SIM ibrida,N.d,Si,Black,N.d,2.4,No,2100.0,145.4,62.1,16.11,161.0,1,30.99000000000001,1,22.0,3
2020-08-05 11:56:46.631338,2020-08-05,2,Unieuro,Android,LG,K51S LMK510EMW,179.9,219.9,3,64.0,Dual SIM,Si,N.d,Pink,IPS,6.55,No,4000.0,165.2,76.7,8.2,194.0,1,40.0,1,18.0,2
2020-08-05 11:57:19.268484,2020-08-05,2,Unieuro,Android,Huawei,P smart Pro,259.0,299.9,6,128.0,Dual SIM ibrida,Si,Si,Pearl,TFT-LCD,6.59,No,4000.0,163.1,77.2,8.8,206.0,2,40.89999999999998,1,14.000000000000002,2
2020-08-05 11:57:49.795158,2020-08-05,2,Unieuro,Android,realme,6,279.0,299.99,8,128.0,Dual SIM,Si,N.d,Blue,LCD,6.5,No,4300.0,162.1,74.8,9.6,191.0,2,20.99000000000001,1,7.000000000000001,1
2020-08-05 11:58:20.602088,2020-08-05,2,Unieuro,Android,Samsung,Galaxy Z Flip,1298.0,1499.0,8,256.0,Mono SIM,Si,Si,Purple,Dynamic AMOLED,6.7,No,3300.0,167.3,73.6,7.2,183.0,9,201.0,1,13.0,2
2020-08-05 11:59:06.756700,2020-08-05,2,Unieuro,Android,Oppo,A72,249.0,279.0,4,128.0,Dual SIM,Si,N.d,Black,TFT,6.5,No,5000.0,162.0,75.5,8.9,,2,30.0,1,11.0,2
2020-08-05 11:59:35.528802,2020-08-05,2,Unieuro,Android,Samsung,Galaxy SM-G988B/DS,1379.0,1379.0,12,128.0,Dual SIM ibrida,Si,N.d,White,Dynamic AMOLED,6.9,No,5000.0,166.9,76.0,8.8,220.0,9,0.0,0,0.0,1
2020-08-05 12:00:19.078272,2020-08-05,2,Unieuro,Android,LG,Velvet,549.9,649.9,6,128.0,N.d,Si,N.d,White,OLED,6.8,No,4300.0,167.2,74.1,7.9,180.0,5,100.0,1,15.0,2
2020-08-05 12:01:02.730260,2020-08-05,2,Unieuro,Android,Huawei,P40 Pro,909.0,1049.9,8,256.0,Dual SIM ibrida,Si,N.d,Black,OLED,6.58,No,4200.0,158.2,72.6,8.95,209.0,9,140.9000000000001,1,13.0,2
2020-08-05 12:01:41.270543,2020-08-05,2,Unieuro,Android,Huawei,P40,699.0,799.9,8,128.0,Dual SIM ibrida,Si,N.d,Gold,OLED,6.1,No,3800.0,148.9,71.06,8.5,175.0,6,100.89999999999998,1,13.0,2
2020-08-05 12:02:14.335246,2020-08-05,2,Unieuro,Android,Motorola,EDGE Plus smartphone 17,1099.0,1199.99,12,256.0,Mono SIM,Si,N.d,Grey,OLED,6.7,No,5000.0,161.07,71.38,9.6,203.0,9,100.99000000000001,1,8.0,1
2020-08-05 12:02:50.874526,2020-08-05,2,Unieuro,Android,LG,K41S LMK410EMW,149.0,159.9,3,32.0,Dual SIM,Si,N.d,Black,IPS,6.55,No,4000.0,165.7,76.4,8.2,189.0,1,10.900000000000006,1,7.000000000000001,1
2020-08-05 12:03:24.900092,2020-08-05,2,Unieuro,Android,Samsung,Galaxy Fold,1999.0,1999.0,12,512.0,Dual SIM,Si,Si,Black,Dynamic AMOLED,7.3,No,4380.0,160.9,117.9,7.5,263.0,9,0.0,0,0.0,1
2020-08-05 12:04:36.544826,2020-08-05,2,Unieuro,Android,Nokia,6.2 16,169.0,239.99,4,64.0,N.d,Si,Si,Black,N.d,6.3,No,3500.0,159.92,75.15,8.25,180.0,1,70.99000000000001,1,30.0,3
2020-08-05 12:05:11.511743,2020-08-05,2,Unieuro,Android,LG,Velvet,549.9,649.9,6,128.0,N.d,Si,N.d,Green,OLED,6.8,No,4300.0,167.2,74.1,7.9,180.0,5,100.0,1,15.0,2
2020-08-05 12:05:52.714853,2020-08-05,2,Unieuro,Android,Huawei,Y6s,129.0,149.9,3,32.0,Dual SIM,Si,No,Blue,IPS,6.09,No,3020.0,156.28,73.5,8.0,150.0,1,20.900000000000006,1,14.000000000000002,2
2020-08-05 12:06:30.505394,2020-08-05,2,Unieuro,Android,Huawei,Mate Xs 5G,2299.0,2599.9,8,512.0,Dual SIM,Si,Si,Blue,OLED,6.6,No,4500.0,161.3,146.2,11.0,300.0,9,300.9000000000001,1,12.0,2
2020-08-05 12:07:07.345842,2020-08-05,2,Unieuro,Android,Oppo,A72,249.0,279.0,4,128.0,Dual SIM,Si,N.d,Purple,TFT,6.5,No,5000.0,162.0,75.5,8.9,,2,30.0,1,11.0,2
2020-08-05 12:07:39.187286,2020-08-05,2,Unieuro,Android,LG,K50 K50S,149.0,199.9,3,32.0,Dual SIM,Si,Si,Black,IPS,6.5,No,4000.0,165.8,77.5,8.2,194.0,1,50.900000000000006,1,25.0,3
2020-08-05 12:08:26.717114,2020-08-05,2,Unieuro,Android,Samsung,Galaxy S10+ SM-G975F/DS,699.0,879.0,8,128.0,Dual SIM ibrida,Si,N.d,White,Dynamic AMOLED,6.4,No,4100.0,157.6,74.1,7.8,175.0,6,180.0,1,20.0,2
2020-08-05 12:09:18.021207,2020-08-05,2,Unieuro,Android,Honor,VIEW 10 Lite 16.5,219.0,259.0,4,128.0,N.d,N.d,N.d,Blue,N.d,6.5,No,3750.0,160.4,76.6,7.8,175.0,2,40.0,1,15.0,2
2020-08-05 12:09:38.679801,2020-08-05,2,Unieuro,Android,Huawei,Y5 2019,119.0,139.9,2,16.0,Dual SIM,Si,Si,Brown,IPS,5.71,No,3020.0,147.13,70.78,8.45,146.0,1,20.900000000000006,1,15.0,2
2020-08-05 12:10:13.667385,2020-08-05,2,Unieuro,Android,Samsung,Galaxy S20 5G,957.0,1029.0,8,128.0,Dual SIM,Si,Si,Grey,Dynamic AMOLED,6.2,No,4000.0,151.7,69.1,7.9,163.0,9,72.0,1,7.000000000000001,1
2020-08-05 12:11:27.225689,2020-08-05,2,Unieuro,Android,realme,6,279.0,299.99,8,128.0,Dual SIM,Si,N.d,White,LCD,6.5,No,4300.0,162.1,74.8,9.6,191.0,2,20.99000000000001,1,7.000000000000001,1
2020-08-05 12:11:55.789481,2020-08-05,2,Unieuro,Android,Samsung,Galaxy S10+ SM-G975F/DS,699.0,879.0,8,128.0,Dual SIM ibrida,Si,N.d,Black,Dynamic AMOLED,6.4,No,4100.0,157.6,74.1,7.8,175.0,6,180.0,1,20.0,2
2020-08-05 12:12:56.643879,2020-08-05,2,Unieuro,Android,Huawei,Y6 2019,129.0,159.9,2,32.0,N.d,Si,Si,Blue,IPS,6.09,TIM,3020.0,156.28,73.5,8.0,150.0,1,30.900000000000006,1,19.0,2
2020-08-05 12:13:33.695330,2020-08-05,2,Unieuro,Android,Huawei,P40 Pro,909.0,1049.9,8,256.0,Dual SIM ibrida,Si,N.d,Gold,OLED,6.58,No,4200.0,158.2,72.6,8.95,209.0,9,140.9000000000001,1,13.0,2
2020-08-05 12:14:12.773648,2020-08-05,2,Unieuro,Android,realme,C3,139.0,159.99,3,64.0,Dual SIM,Si,N.d,Red,LCD,6.5,No,5000.0,164.4,75.0,8.95,195.0,1,20.99000000000001,1,13.0,2
2020-08-05 12:14:44.730827,2020-08-05,2,Unieuro,Android,Oppo,Find X2 Lite,430.0,499.0,8,128.0,Dual SIM,Si,N.d,Black,AMOLED,6.4,No,4025.0,160.3,74.3,7.96,180.0,4,69.0,1,14.000000000000002,2
2020-08-05 12:15:14.095731,2020-08-05,2,Unieuro,Android,Meizu,Note 8,139.0,179.99,4,64.0,Dual SIM,Si,N.d,Black,N.d,5.99,No,3600.0,153.6,75.5,7.9,168.0,1,40.99000000000001,1,23.0,3
2020-08-05 12:15:41.982125,2020-08-05,2,Unieuro,Android,Wiko,View3 Lite,109.0,129.99,2,32.0,Dual SIM,Si,Si,"Black, Blue",IPS,6.09,TIM,4000.0,155.5,73.0,8.7,160.1,1,20.99000000000001,1,16.0,2
2020-08-05 12:16:23.273729,2020-08-05,2,Unieuro,Android,Oppo,Find X2 Lite,449.0,499.0,8,128.0,Dual SIM,Si,N.d,White,AMOLED,6.4,No,4025.0,160.3,74.3,7.96,180.0,4,50.0,1,10.0,1
2020-08-05 12:16:54.901468,2020-08-05,2,Unieuro,Android,Samsung,Galaxy S10 SM-G973F/DS,729.0,1179.0,8,512.0,Dual SIM ibrida,Si,Si,Black,Dynamic AMOLED,6.1,No,3400.0,149.9,70.4,7.8,157.0,7,450.0,1,38.0,4
2020-08-05 12:18:18.582885,2020-08-05,2,Unieuro,Android,LG,K50 K50S,149.0,199.9,3,32.0,Dual SIM,Si,Si,Blue,IPS,6.5,No,4000.0,165.8,77.5,8.2,173.0,1,50.900000000000006,1,25.0,3
2020-08-05 12:19:07.209789,2020-08-05,2,Unieuro,Android,Huawei,P40,699.0,799.9,8,128.0,Dual SIM ibrida,Si,N.d,Silver,OLED,6.1,No,3800.0,148.9,71.06,8.5,175.0,6,100.89999999999998,1,13.0,2
2020-08-05 12:19:50.319806,2020-08-05,2,Unieuro,Android,ASUS,ROG Phone 3 Strix,799.0,868.99,8,256.0,Dual SIM,Si,N.d,Black,AMOLED,6.59,No,6000.0,171.0,78.0,9.85,240.0,7,69.99000000000001,1,8.0,1
2020-08-05 12:20:28.919709,2020-08-05,2,Unieuro,Android,Huawei,P30 lite,369.99,369.99,4,128.0,Dual SIM ibrida,Si,Si,Black,IPS,6.15,No,3340.0,152.9,72.7,7.4,159.0,3,0.0,0,0.0,1
2020-08-05 12:21:15.920441,2020-08-05,2,Unieuro,Android,Huawei,P30 lite,299.9,299.9,4,128.0,N.d,Si,Si,Black,IPS,6.15,TIM,3340.0,152.9,72.7,7.4,159.0,2,0.0,0,0.0,1
2020-08-05 12:21:56.989977,2020-08-05,2,Unieuro,Android,BRONDI,Amico,67.99,89.99,0.5,44.0,Dual SIM,Si,Si,Black,TN,5,No,2000.0,151.0,69.0,10.75,,1,22.0,1,24.0,3
2020-08-05 12:22:20.033899,2020-08-05,2,Unieuro,Android,Xiaomi,Redmi Note 9 Pro,247.0,299.9,6,128.0,Dual SIM,Si,N.d,White,IPS,6.67,No,5020.0,165.75,76.68,8.8,209.0,2,52.89999999999998,1,18.0,2
2020-08-05 12:23:04.633950,2020-08-05,2,Unieuro,Android,Xiaomi,Redmi Note 9 Pro,267.0,299.9,6,128.0,Dual SIM,Si,N.d,Green,N.d,6.67,No,5020.0,165.75,76.68,8.8,209.0,2,32.89999999999998,1,11.0,2
2020-08-05 12:23:40.053073,2020-08-05,2,Unieuro,Android,Oppo,Reno2 Z,257.0,349.0,8,128.0,Dual SIM,Si,Si,Black,AMOLED,6.5,No,4000.0,161.8,75.8,9.35,195.0,2,92.0,1,26.0,3
2020-08-05 12:24:27.873243,2020-08-05,2,Unieuro,Android,Huawei,P20 Pro,329.0,329.0,6,128.0,Mono SIM,Si,Si,Black,AMOLED,6.1,No,4000.0,155.0,73.9,7.8,180.0,3,0.0,0,0.0,1
2020-08-05 12:25:30.534949,2020-08-05,2,Unieuro,Android,Oppo,Reno2 Z,279.0,349.0,8,128.0,Dual SIM,Si,Si,White,AMOLED,6.5,No,4000.0,161.8,75.8,9.35,195.0,2,70.0,1,20.0,2
2020-08-05 12:26:18.758929,2020-08-05,2,Unieuro,Android,Xiaomi,Redmi Note 9 Pro,273.0,299.9,6,128.0,Dual SIM,Si,N.d,Grey,N.d,6.67,No,5020.0,165.75,76.68,8.8,209.0,2,26.899999999999977,1,9.0,1
2020-08-05 12:26:56.836167,2020-08-05,2,Unieuro,Android,Xiaomi,Mi Note 10 Lite,319.0,399.0,6,128.0,Dual SIM,Si,N.d,White,AMOLED,6.47,No,5260.0,157.8,74.2,9.67,204.0,3,80.0,1,20.0,2
2020-08-05 12:27:34.684504,2020-08-05,2,Unieuro,Android,Xiaomi,Mi 10 Lite,319.0,399.9,6,128.0,Dual SIM ibrida,Si,N.d,Grey,AMOLED,6.57,No,4160.0,163.71,74.77,7.98,192.0,3,80.89999999999998,1,20.0,2
2020-08-05 12:28:15.714722,2020-08-05,2,Unieuro,Android,Wiko,Y50,55.99,69.99,1,16.0,Dual SIM,Si,Si,Grey,TN,5,No,2200.0,146.0,73.5,8.7,160.0,1,13.999999999999993,1,20.0,2
2020-08-05 12:28:50.413386,2020-08-05,2,Unieuro,Android,LG,K40 K40S,106.0,119.9,2,32.0,Dual SIM,Si,Si,Black,IPS,6.1,No,3500.0,156.3,73.9,8.6,173.0,1,13.900000000000006,1,12.0,2
2020-08-05 12:29:46.145327,2020-08-05,2,Unieuro,Android,Wiko,Y80,89.99,99.99,2,16.0,Dual SIM,Si,Si,Blue,IPS,5.99,No,4000.0,160.0,76.5,8.55,185.0,1,10.0,1,10.0,1
2020-08-05 12:30:36.214204,2020-08-05,2,Unieuro,Android,Huawei,Y6 2019,119.0,139.9,2,32.0,Dual SIM,Si,Si,Black,IPS,6.09,No,3020.0,156.28,73.5,8.0,150.0,1,20.900000000000006,1,15.0,2
2020-08-05 12:31:15.792337,2020-08-05,2,Unieuro,Android,Xiaomi,Mi 10 Lite,369.0,399.9,6,128.0,Dual SIM ibrida,Si,N.d,White,AMOLED,6.57,No,4160.0,163.71,74.77,7.98,192.0,3,30.899999999999977,1,8.0,1
2020-08-05 12:31:55.485811,2020-08-05,2,Unieuro,Android,LG,K40 K40S,119.9,119.9,2,32.0,Dual SIM,Si,Si,Blue,IPS,6.1,No,3500.0,156.3,73.9,8.6,173.0,1,0.0,0,0.0,1
2020-08-05 12:32:46.412546,2020-08-05,2,Unieuro,Android,Wiko,Y80,89.0,99.99,2,16.0,Dual SIM,Si,Si,"Anthracite, Blue",IPS,5.99,No,4000.0,160.0,76.5,8.55,185.0,1,10.989999999999995,1,11.0,2
2020-08-05 12:33:29.379186,2020-08-05,2,Unieuro,Android,Oppo,Find X2 Neo,636.0,699.0,12,256.0,Mono SIM,Si,N.d,Black,AMOLED,6.5,No,4025.0,159.4,72.4,7.7,171.0,6,63.0,1,9.0,1
2020-08-05 12:33:58.650002,2020-08-05,2,Unieuro,Android,Wiko,View4,130.0,159.99,3,64.0,Dual SIM,Si,Si,Blue,IPS,6.52,No,5000.0,165.7,75.8,8.85,180.0,1,29.99000000000001,1,19.0,2
2020-08-05 12:34:38.784917,2020-08-05,2,Unieuro,Android,Motorola,moto e6 plus,129.99,129.99,4,64.0,Dual SIM,Si,Si,Blue,IPS,6.1,No,3000.0,155.6,73.06,8.6,149.7,1,0.0,0,0.0,1
2020-08-05 12:35:16.785090,2020-08-05,2,Unieuro,Android,Samsung,Galaxy A20e,149.0,189.99,3,32.0,Dual SIM,Si,Si,Black,PLS,5.8,No,3000.0,147.4,69.7,8.4,141.0,1,40.99000000000001,1,22.0,3
2020-08-05 12:36:05.706296,2020-08-05,2,Unieuro,Android,Wiko,Y50,57.99,69.99,1,16.0,Dual SIM,Si,Si,Blue,TN,5,No,2200.0,146.0,73.5,8.7,160.0,1,11.999999999999993,1,17.0,2
2020-08-05 12:36:39.571156,2020-08-05,2,Unieuro,Android,Motorola,moto e6 plus,107.0,119.99,2,32.0,Dual SIM,Si,Si,Graphite,IPS,6.1,No,3000.0,155.6,73.06,8.6,149.7,1,12.989999999999995,1,11.0,2
2020-08-05 12:37:13.969564,2020-08-05,2,Unieuro,Android,Wiko,Y60,73.98,79.99,1,16.0,Dual SIM,Si,Si,Blue,N.d,5.45,No,2500.0,9.3,71.8,146.8,177.7,1,6.009999999999991,1,8.0,1
2020-08-05 12:37:48.593418,2020-08-05,2,Unieuro,Android,Samsung,Galaxy A70,349.9,349.9,6,128.0,Dual SIM,Si,Si,Black,SAMOLED,6.7,No,4500.0,164.3,76.7,7.9,183.0,3,0.0,0,0.0,1
2020-08-05 12:38:48.330528,2020-08-05,2,Unieuro,Android,Meizu,M8,119.0,119.0,4,64.0,Dual SIM,Si,Si,Black,N.d,5.7,No,3100.0,147.5,72.7,8.1,159.0,1,0.0,0,0.0,1
2020-08-05 12:39:17.847375,2020-08-05,2,Unieuro,Android,Huawei,P smart+ 2019,179.0,199.9,3,64.0,Dual SIM ibrida,Si,Si,Black,IPS,6.21,No,3400.0,155.2,73.4,7.95,160.0,1,20.900000000000006,1,10.0,1
2020-08-05 12:40:02.744169,2020-08-05,2,Unieuro,Android,Samsung,Galaxy XCover 4s SM-G398FN/DS,246.0,269.9,3,32.0,Dual SIM,Si,Si,Black,TFT,5,No,2800.0,146.2,73.3,9.7,172.0,2,23.899999999999977,1,9.0,1
2020-08-05 12:40:49.541331,2020-08-05,2,Unieuro,Android,Xiaomi,Mi 10 Lite,379.0,399.9,6,128.0,Dual SIM ibrida,Si,N.d,Blue,AMOLED,6.57,No,4160.0,163.71,74.77,7.98,192.0,3,20.899999999999977,1,5.0,1
2020-08-05 12:41:28.624273,2020-08-05,2,Unieuro,Android,LG,K20,89.9,89.9,1,16.0,Dual SIM ibrida,Si,Si,Blue,TFT,5.45,No,3000.0,148.6,71.9,8.3,153.0,1,0.0,0,0.0,1
2020-08-05 12:42:13.419703,2020-08-05,2,Unieuro,Android,Wiko,Y80,89.0,99.99,2,16.0,Dual SIM,Si,Si,Gold,IPS,5.99,No,4000.0,160.0,76.5,8.55,185.0,1,10.989999999999995,1,11.0,2
2020-08-05 12:43:01.424890,2020-08-05,2,Unieuro,Android,Motorola,moto e6 plus,129.99,129.99,4,64.0,Dual SIM,Si,Si,Graphite,IPS,6.1,No,3000.0,155.6,73.06,8.6,149.7,1,0.0,0,0.0,1
2020-08-05 12:43:35.694236,2020-08-05,2,Unieuro,Android,Samsung,Galaxy SM-A315G/DS,235.0,299.9,4,64.0,Dual SIM,Si,N.d,Black,SAMOLED,6.4,No,5000.0,159.3,73.1,8.6,185.0,2,64.89999999999998,1,22.0,3
2020-08-05 12:44:16.913829,2020-08-05,2,Unieuro,Android,Wiko,Y60,78.99,79.99,1,16.0,Dual SIM,Si,Si,Blue,N.d,5.45,No,2500.0,146.8,71.8,9.3,177.7,1,1.0,1,1.0,1
2020-08-05 12:44:49.590506,2020-08-05,2,Unieuro,Android,Samsung,Galaxy SM-A315G/DS,299.0,299.0,4,64.0,Dual SIM,Si,N.d,Blue,SAMOLED,6.4,No,5000.0,159.3,73.1,8.6,185.0,2,0.0,0,0.0,1
2020-08-05 12:45:30.191980,2020-08-05,2,Unieuro,Android,Xiaomi,Mi 10,752.0,899.0,8,256.0,Mono SIM,Si,N.d,Grey,AMOLED,6.67,No,4780.0,162.5,74.8,8.96,208.0,7,147.0,1,16.0,2
2020-08-05 12:46:11.238102,2020-08-05,2,Unieuro,Android,Xiaomi,Redmi Note 7 16,179.9,179.9,4,64.0,Dual SIM ibrida,Si,Si,Blue,IPS,6.3,No,4000.0,159.21,75.21,8.1,186.0,1,0.0,0,0.0,1
2020-08-05 12:46:52.591212,2020-08-05,2,Unieuro,Android,Huawei,P20 Lite,199.9,199.9,4,64.0,Dual SIM,Si,Si,Black,TFT-LCD,5.84,No,3000.0,148.6,71.2,7.4,145.0,1,0.0,0,0.0,1
2020-08-05 12:47:43.704713,2020-08-05,2,Unieuro,Android,realme,X50 Pro 5G,739.0,749.99,12,256.0,Dual SIM,Si,N.d,Green,SAMOLED,6.44,No,4200.0,158.96,74.24,9.37,207.0,7,10.990000000000009,1,1.0,1
2020-08-05 12:48:15.786910,2020-08-05,2,Unieuro,Android,realme,X50 Pro 5G,689.0,749.99,12,256.0,Dual SIM,Si,N.d,Red,SAMOLED,6.44,No,4200.0,158.96,74.24,9.37,207.0,6,60.99000000000001,1,8.0,1
2020-08-05 12:48:47.996380,2020-08-05,2,Unieuro,Android,Motorola,moto e6 plus,115.0,119.99,2,32.0,Dual SIM,Si,Si,Cherry,IPS,6.1,No,3000.0,155.6,73.06,8.6,149.7,1,4.989999999999995,1,4.0,1
2020-08-05 12:49:19.731019,2020-08-05,2,Unieuro,Android,Xiaomi,Redmi 9,169.9,169.9,4,64.0,Dual SIM,Si,N.d,Grey,IPS,6.53,No,5020.0,163.32,77.01,9.1,198.0,1,0.0,0,0.0,1
2020-08-05 12:49:54.314482,2020-08-05,2,Unieuro,Android,Honor,10 Lite,179.9,179.9,3,64.0,Dual SIM,Si,Si,Black,LTPS,6.21,No,3400.0,154.8,73.64,7.95,162.0,1,0.0,0,0.0,1
2020-08-05 12:50:29.475796,2020-08-05,2,Unieuro,Android,Wiko,Y60,79.49,79.49,1,16.0,Dual SIM,Si,Si,Gold,N.d,5.45,No,2500.0,9.3,71.8,146.8,177.7,1,0.0,0,0.0,1
2020-08-05 12:51:04.431059,2020-08-05,2,Unieuro,Android,realme,X50 5G,369.99,369.99,6,128.0,Dual SIM,Si,N.d,Green,IPS,6.57,No,4200.0,163.8,75.8,8.9,202.0,3,0.0,0,0.0,1
2020-08-05 12:51:45.106303,2020-08-05,2,Unieuro,Android,Huawei,P Smart 2019,179.9,179.9,3,64.0,N.d,Si,Si,Black,TFT-LCD,6.21,No,3400.0,155.2,73.4,7.95,160.0,1,0.0,0,0.0,1
2020-08-05 12:52:20.378661,2020-08-05,2,Unieuro,Android,Samsung,Galaxy A20e,149.0,169.9,3,32.0,N.d,Si,Si,Black,PLS,5.8,TIM,3000.0,147.4,69.7,8.4,141.0,1,20.900000000000006,1,12.0,2
2020-08-05 12:53:04.245475,2020-08-05,2,Unieuro,Android,Wiko,View4,145.0,159.99,3,64.0,Dual SIM,Si,Si,Green,IPS,6.52,No,5000.0,165.7,75.8,8.85,180.0,1,14.990000000000009,1,9.0,1
2020-08-05 12:53:44.701149,2020-08-05,2,Unieuro,Android,Wiko,Y61,89.99,89.99,1,16.0,Dual SIM,Si,N.d,Grey,IPS,5.99,No,3000.0,161.3,78.14,9.0,190.0,1,0.0,0,0.0,1
2020-08-05 12:54:12.366947,2020-08-05,2,Unieuro,Android,Samsung,Galaxy A20s SM-A207F,179.9,179.9,,,N.d,Si,Si,Black,TFT,6.5,No,4000.0,163.3,77.5,8.0,183.0,1,0.0,0,0.0,1
2020-08-05 12:54:51.757520,2020-08-05,2,Unieuro,Android,Huawei,P30 Pro New Edition,849.0,849.0,8,256.0,Dual SIM,Si,N.d,Silver,OLED,6.47,No,4200.0,158.0,73.4,8.41,192.0,8,0.0,0,0.0,1
2020-08-05 12:55:30.759026,2020-08-05,2,Unieuro,Android,Xiaomi,Mi 10,752.0,899.0,8,256.0,Dual SIM,Si,N.d,Green,AMOLED,6.67,No,4780.0,162.5,74.8,8.96,208.0,7,147.0,1,16.0,2
2020-08-05 12:56:09.648362,2020-08-05,2,Unieuro,Android,Motorola,Moto G 8,199.99,199.99,4,64.0,Dual SIM,Si,N.d,White,IPS,6.4,No,4000.0,161.27,75.8,8.95,188.3,1,0.0,0,0.0,1
2020-08-05 12:56:46.454309,2020-08-05,2,Unieuro,Android,Oppo,RX17 Neo Astral Blue,189.0,189.0,4,128.0,N.d,Si,N.d,Blue,AMOLED,6.41,No,3600.0,158.3,75.5,7.4,156.0,1,0.0,0,0.0,1
2020-08-05 12:57:17.923814,2020-08-05,2,Unieuro,Android,Wiko,Y61,89.99,89.99,2,32.0,Dual SIM,Si,N.d,Green,IPS,5.99,No,3000.0,161.3,78.14,9.0,190.0,1,0.0,0,0.0,1
2020-08-05 12:57:45.805597,2020-08-05,2,Unieuro,Android,Huawei,P30 Pro New Edition,849.9,849.9,9,256.0,N.d,Si,N.d,Black,OLED,6.47,No,4200.0,158.0,73.4,8.41,192.0,8,0.0,0,0.0,1
2020-08-05 12:58:19.416872,2020-08-05,2,Unieuro,Android,ASUS,ROG Phone II ZS660KL-1A012EU,899.0,899.0,12,512.0,Dual SIM,Si,Si,Black,AMOLED,6.59,No,6000.0,170.99,77.6,9.48,240.0,8,0.0,0,0.0,1
2020-08-05 12:59:02.406576,2020-08-05,2,Unieuro,Android,Huawei,P smart,149.0,149.0,3,32.0,Dual SIM ibrida,Si,Si,Black,IPS,5.65,No,3000.0,150.1,72.05,7.45,143.0,1,0.0,0,0.0,1
2020-08-05 12:59:38.126096,2020-08-05,2,Unieuro,Android,Samsung,Galaxy S10,599.0,599.0,6,128.0,Dual SIM,Si,Si,Black,Dynamic AMOLED,6.1,No,3400.0,149.9,70.4,7.8,157.0,5,0.0,0,0.0,1
2020-08-05 13:00:39.060518,2020-08-05,2,Unieuro,Android,Huawei,Y6 2019,149.9,149.9,2,32.0,N.d,Si,Si,Blue,IPS,6.09,No,3020.0,156.28,73.5,8.0,150.0,1,0.0,0,0.0,1
2020-08-05 13:01:13.576436,2020-08-05,2,Unieuro,Android,Samsung,Galaxy A51,319.9,319.9,4,128.0,N.d,Si,N.d,Black,SAMOLED,6.5,Vodafone,4000.0,158.5,73.6,7.9,172.0,3,0.0,0,0.0,1
2020-08-05 13:01:58.498050,2020-08-05,2,Unieuro,Android,Motorola,Razr,1599.0,1599.0,6,128.0,Mono SIM,Si,Si,Black,P-OLED,6.2,No,2510.0,172.0,72.0,6.9,205.0,9,0.0,0,0.0,1
2020-08-05 13:02:39.801058,2020-08-05,2,Unieuro,Android,Samsung,Galaxy A20e,147.0,169.9,3,32.0,Dual SIM,Si,Si,Blue,PLS,5.8,TIM,3000.0,147.4,69.7,8.4,141.0,1,22.900000000000006,1,13.0,2
2020-08-05 13:03:30.197110,2020-08-05,2,Unieuro,Android,Nokia,2.2,109.99,109.99,2,16.0,N.d,Si,Si,Grey,TFT,5.71,No,3000.0,145.96,70.56,9.3,153.0,1,0.0,0,0.0,1
2020-08-05 13:04:00.345332,2020-08-05,2,Unieuro,Android,Nokia,3.2,139.9,139.9,2,16.0,N.d,Si,Si,Black,TFT,6.26,No,4000.0,159.44,76.24,8.6,181.0,1,0.0,0,0.0,1
2020-08-05 13:04:39.636064,2020-08-05,2,Unieuro,Android,Huawei,P30,599.0,599.0,6,128.0,Dual SIM ibrida,Si,Si,Black,OLED,6.1,No,3650.0,149.1,71.36,7.57,165.0,5,0.0,0,0.0,1
2020-08-05 13:05:20.817270,2020-08-05,2,Unieuro,Android,Huawei,P smart⁺ 16,179.0,179.0,4,64.0,Dual SIM,Si,Si,Black,IPS,6.3,No,3340.0,157.6,75.2,7.6,169.0,1,0.0,0,0.0,1
2020-08-05 13:06:03.254501,2020-08-05,2,Unieuro,Android,Huawei,P30 Pro,999.9,999.9,8,128.0,Dual SIM ibrida,Si,Si,Black,OLED,6.47,No,4200.0,158.0,73.4,8.41,192.0,9,0.0,0,0.0,1
2020-08-05 13:06:49.534963,2020-08-05,2,Unieuro,Android,Motorola,Moto G 8,199.99,199.99,4,64.0,Dual SIM,Si,N.d,White,IPS,6.4,No,4000.0,161.27,75.8,8.95,188.3,1,0.0,0,0.0,1
2020-08-05 13:07:20.255325,2020-08-05,2,Unieuro,Android,Samsung,Galaxy SM-A307F,279.9,279.9,4,64.0,Dual SIM,Si,N.d,White,SAMOLED,6.4,No,4000.0,158.5,74.7,7.8,169.0,2,0.0,0,0.0,1
2020-08-05 13:08:09.645382,2020-08-05,2,Unieuro,Android,Samsung,Galaxy A70,349.9,349.9,6,128.0,Dual SIM,Si,Si,Blue,SAMOLED,6.7,No,4500.0,164.3,76.7,7.9,183.0,3,0.0,0,0.0,1
2020-08-05 13:09:10.926983,2020-08-05,2,Unieuro,Android,LG,K40,129.0,129.0,2,32.0,N.d,Si,Si,Blue,IPS,5.7,TIM,3000.0,153.0,71.9,8.3,144.0,1,0.0,0,0.0,1
2020-08-05 13:09:55.439266,2020-08-05,2,Unieuro,Android,Huawei,P Smart 2019,179.9,179.9,3,64.0,Dual SIM ibrida,Si,Si,N.d,IPS,6.21,No,3400.0,155.2,73.4,7.95,160.0,1,0.0,0,0.0,1
2020-08-05 13:10:40.149284,2020-08-05,2,Unieuro,Android,LG,K40,119.9,119.9,2,32.0,Dual SIM,Si,Si,Blue,IPS,5.7,No,3000.0,153.0,71.9,8.3,144.0,1,0.0,0,0.0,1
2020-08-05 13:11:24.666423,2020-08-05,2,Unieuro,Android,Huawei,Y6 2019,149.9,149.9,2,32.0,Dual SIM,Si,Si,Black,IPS,6.09,No,3020.0,156.28,73.5,8.0,150.0,1,0.0,0,0.0,1
2020-08-05 13:12:03.886144,2020-08-05,2,Unieuro,Android,Nokia,5 SIM singola 4G 16GB Argento,129.9,129.9,2,16.0,Mono SIM,Si,N.d,Silver,IPS,5.2,TIM,3000.0,149.7,72.5,8.05,160.0,1,0.0,0,0.0,1
2020-08-05 13:12:30.041832,2020-08-05,2,Unieuro,Android,Nokia,5 SIM singola 4G 16GB Nero,129.9,129.9,2,16.0,Mono SIM,Si,N.d,Black,IPS,5.2,TIM,3000.0,149.7,72.5,8.05,160.0,1,0.0,0,0.0,1
2020-08-05 13:12:53.344961,2020-08-05,2,Unieuro,iOS,APPLE,iPhone 11,899.99,899.99,,128.0,Dual SIM,Si,N.d,White,LCD,6.1,Vodafone,,150.9,75.7,8.3,194.0,8,0.0,0,0.0,1
2020-08-05 13:13:27.127240,2020-08-05,2,Unieuro,Android,Samsung,Galaxy A10 Nero,159.9,159.9,2,32.0,Dual SIM,Si,Si,Black,TFT,6.2,Vodafone,3400.0,155.6,75.6,7.9,168.0,1,0.0,0,0.0,1
2020-08-05 13:14:15.504951,2020-08-05,2,Unieuro,Android,Samsung,Galaxy S10 Lite,469.0,679.0,8,128.0,Dual SIM,Si,Si,Black,SAMOLED,6.7,No,4500.0,162.5,75.6,8.1,186.0,4,210.0,1,31.0,4
2020-08-05 13:15:05.044754,2020-08-05,2,Unieuro,Android,Samsung,Galaxy A20e,139.0,169.9,3,32.0,Dual SIM,Si,Si,Blue,PLS,5.8,No,3000.0,147.4,69.7,8.4,141.0,1,30.900000000000006,1,18.0,2
2020-08-05 13:15:58.246988,2020-08-05,2,Unieuro,Android,ASUS,ZenFone Max Pro M1,159.0,199.99,4,64.0,Dual SIM,Si,Si,Black,IPS,6,No,5000.0,159.0,76.0,8.45,180.0,1,40.99000000000001,1,20.0,2
2020-08-05 13:16:32.488798,2020-08-05,2,Unieuro,Android,Samsung,Galaxy,595.0,929.0,8,128.0,Dual SIM,Si,Si,Blue,Dynamic AMOLED,6.2,No,4000.0,151.7,69.1,7.9,163.0,5,334.0,1,36.0,4
2020-08-05 13:17:44.715016,2020-08-05,2,Unieuro,Android,Samsung,Galaxy A40,199.0,259.9,4,64.0,Dual SIM,Si,Si,Black,SAMOLED,5.9,No,3100.0,144.4,69.2,7.9,140.0,1,60.89999999999998,1,23.0,3
2020-08-05 13:18:49.982602,2020-08-05,2,Unieuro,Android,Xiaomi,Redmi Note 8 Pro,249.0,299.9,6,128.0,Dual SIM,Si,Si,White,N.d,6.53,No,4500.0,161.35,76.4,8.79,199.8,2,50.89999999999998,1,17.0,2
2020-08-05 13:19:38.465439,2020-08-05,2,Unieuro,Android,LG,G8S ThinQ,399.0,769.9,6,128.0,Dual SIM ibrida,Si,Si,Black,OLED,6.21,No,3550.0,155.3,76.6,7.99,181.0,3,370.9,1,48.0,5
2020-08-05 13:20:41.553076,2020-08-05,2,Unieuro,Android,Samsung,Galaxy A10,139.0,159.9,2,32.0,Dual SIM,Si,Si,Blue,TFT,6.2,No,3400.0,155.6,75.6,7.9,168.0,1,20.900000000000006,1,13.0,2
2020-08-05 13:21:33.609843,2020-08-05,2,Unieuro,Android,Samsung,Galaxy A40,199.0,259.9,4,64.0,Dual SIM,Si,Si,White,SAMOLED,5.9,No,3100.0,144.4,69.2,7.9,140.0,1,60.89999999999998,1,23.0,3
2020-08-05 13:22:31.011575,2020-08-05,2,Unieuro,Android,Huawei,Y5 2019,109.0,139.9,2,16.0,Dual SIM,Si,Si,Blue,IPS,5.71,No,3020.0,147.13,70.78,8.45,146.0,1,30.900000000000006,1,22.0,3
2020-08-05 13:23:02.023841,2020-08-05,2,Unieuro,Android,Samsung,Galaxy A10,139.0,159.9,2,32.0,Dual SIM,Si,Si,Red,TFT,6.2,No,3400.0,155.6,75.6,7.9,168.0,1,20.900000000000006,1,13.0,2
2020-08-05 13:23:58.336749,2020-08-05,2,Unieuro,Android,ASUS,ZenFone Max Pro M1,139.0,179.99,3,32.0,Dual SIM,Si,Si,Black,IPS,6,No,5000.0,159.0,76.0,8.45,180.0,1,40.99000000000001,1,23.0,3
2020-08-05 13:24:35.606495,2020-08-05,2,Unieuro,Android,Huawei,Y6 2019,129.0,159.9,2,32.0,N.d,Si,Si,Black,IPS,6.09,TIM,3020.0,156.28,73.5,8.0,150.0,1,30.900000000000006,1,19.0,2
2020-08-05 13:25:14.409281,2020-08-05,2,Unieuro,Android,Oppo,Reno,249.0,299.0,6,256.0,Dual SIM,Si,Si,Black,AMOLED,6.4,No,3765.0,156.6,74.3,9.0,185.0,2,50.0,1,17.0,2
2020-08-05 13:25:50.822793,2020-08-05,2,Unieuro,Android,Huawei,P40 Pro+,1399.0,1399.0,8,512.0,Dual SIM,Si,N.d,Black,OLED,6.58,No,4200.0,158.2,72.6,9.0,226.0,9,0.0,0,0.0,1
2020-08-05 13:26:28.160472,2020-08-05,2,Unieuro,Android,Meizu,M6T Doppia Sim Nero,99.99,189.99,3,32.0,Dual SIM,Si,N.d,Black,LTPS,5.7,No,3300.0,152.3,73.0,8.4,145.0,1,90.00000000000001,1,47.0,5
2020-08-05 13:26:58.211393,2020-08-05,2,Unieuro,Android,Samsung,Galaxy A10,139.0,159.9,2,32.0,Dual SIM,Si,Si,Black,TFT,6.2,No,3400.0,155.6,75.6,7.9,168.0,1,20.900000000000006,1,13.0,2
2020-08-05 13:27:50.314873,2020-08-05,2,Unieuro,Android,ASUS,ZenFone Max Pro (M2) ZB631KL-4J068EU,199.0,299.99,6,64.0,Dual SIM,Si,Si,Titanium,IPS,6.3,No,5000.0,157.9,75.5,8.5,175.0,1,100.99000000000001,1,34.0,4
2020-08-05 13:28:39.437131,2020-08-05,2,Unieuro,Android,Huawei,P smart Z,189.9,279.9,4,64.0,Dual SIM ibrida,Si,Si,Blue,LTPS,6.59,No,4000.0,163.5,77.3,8.8,196.8,1,89.99999999999997,1,32.0,4
2020-08-05 13:29:10.404765,2020-08-05,2,Unieuro,Android,ASUS,ZenFone Max M2 ZB633KL-4A124EU smartphone,149.0,199.99,4,64.0,Dual SIM,Si,Si,Black,IPS,6.3,No,4000.0,158.0,76.0,7.7,160.0,1,50.99000000000001,1,25.0,3
2020-08-05 13:29:55.600469,2020-08-05,2,Unieuro,Android,Motorola,Moto E Moto E6 play 14,99.9,119.99,2,32.0,Dual SIM,Si,Si,Blue,IPS,5.5,No,3000.0,146.5,70.9,8.3,140.0,1,20.08999999999999,1,17.0,2
2020-08-05 13:30:28.843022,2020-08-05,2,Unieuro,Android,Huawei,P40 Pro+,1399.0,1399.0,8,512.0,Dual SIM,Si,Si,White,OLED,6.58,No,4200.0,158.2,72.6,9.0,226.0,9,0.0,0,0.0,1
2020-08-05 13:31:03.029836,2020-08-05,2,Unieuro,Android,Samsung,Galaxy S10+ SM-G975F/DS,759.0,1279.0,8,512.0,Dual SIM ibrida,Si,Si,White,Dynamic AMOLED,6.4,No,4100.0,157.6,74.1,7.8,198.0,7,520.0,1,41.0,5
2020-08-05 13:32:20.548966,2020-08-05,2,Unieuro,Android,Samsung,Galaxy A40,199.0,259.9,4,64.0,Dual SIM,Si,Si,Blue,SAMOLED,5.9,No,3100.0,144.4,69.2,7.9,140.0,1,60.89999999999998,1,23.0,3
2020-08-05 13:33:11.885304,2020-08-05,2,Unieuro,Android,Huawei,Y5 2019,109.0,139.9,2,16.0,Dual SIM,Si,Si,Black,IPS,5.71,No,3020.0,147.13,70.78,8.45,146.0,1,30.900000000000006,1,22.0,3
2020-08-05 13:33:43.116950,2020-08-05,2,Unieuro,Android,Wiko,View 3 Lite,109.0,129.99,2,32.0,Dual SIM,Si,Si,"Black, Blue",IPS,6.09,No,4000.0,155.5,73.0,8.7,160.1,1,20.99000000000001,1,16.0,2
2020-08-05 13:34:35.607360,2020-08-05,2,Unieuro,Android,ASUS,ZenFone 6 ZS630KL,479.0,559.0,6,128.0,Dual SIM,Si,Si,Black,IPS,6.4,No,5000.0,159.1,75.44,9.1,190.0,4,80.0,1,14.000000000000002,2
2020-08-05 13:35:24.546517,2020-08-05,2,Unieuro,Android,ASUS,ZenFone 4 Selfie Pro ZD552KL-5A001WW smartphone 14,139.0,399.0,4,64.0,Dual SIM,Si,Si,Black,AMOLED,5.5,No,3000.0,154.02,74.83,6.85,147.0,1,260.0,1,65.0,6
2020-08-05 13:35:53.507579,2020-08-05,2,Unieuro,Android,Samsung,Galaxy Note9 SM-N960F,499.0,999.0,,128.0,Dual SIM,Si,Si,Purple,SAMOLED,6.4,No,4000.0,161.9,76.4,8.8,201.0,4,500.0,1,50.0,5
2020-08-05 13:36:50.671220,2020-08-05,2,Unieuro,Android,ASUS,ZenFone 5 Doppia SIM 4G,199.0,399.0,4,64.0,Dual SIM,Si,Si,Midnight Blue,IPS,6.2,No,3300.0,7.7,153.0,75.65,165.0,1,200.0,1,50.0,5
2020-08-05 13:37:20.390669,2020-08-05,2,Unieuro,Android,ASUS,ZenFone 5 ZE620KL-1H010EU,199.99,399.0,4,64.0,Dual SIM,Si,Si,Silver,IPS,6.2,No,3300.0,7.7,153.0,75.65,165.0,1,199.01,1,50.0,5
2020-08-05 13:38:10.388460,2020-08-05,2,Unieuro,Android,Wiko,View 2 Plus,139.0,249.99,4,64.0,Dual SIM,N.d,Si,Purple,IPS,5.93,No,4000.0,153.4,73.2,8.6,166.0,1,110.99000000000001,1,44.0,5
2020-08-05 13:38:46.052010,2020-08-05,2,Unieuro,Android,Wiko,View 2 Plus,139.0,249.99,4,64.0,Dual SIM,N.d,Si,Gold,IPS,5.93,No,4000.0,153.4,73.2,8.6,166.0,1,110.99000000000001,1,44.0,5
2020-08-05 13:39:22.811882,2020-08-05,2,Unieuro,Android,Wiko,View 2 Plus,139.0,249.99,4,64.0,Dual SIM,N.d,Si,Anthracite,IPS,5.93,No,4000.0,153.4,73.2,8.6,166.0,1,110.99000000000001,1,44.0,5
2020-08-05 13:39:57.489133,2020-08-05,2,Unieuro,Android,Samsung,Galaxy S10e SM-G970F/DS,449.0,779.0,6,128.0,Dual SIM ibrida,Si,Si,Yellow,Dynamic AMOLED,5.8,No,3100.0,142.2,69.9,7.9,150.0,4,330.0,1,42.0,5
2020-08-05 13:41:10.534811,2020-08-05,2,Unieuro,Android,Samsung,Galaxy S10e SM-G970F/DS,449.0,779.0,6,128.0,Dual SIM ibrida,Si,Si,White,Dynamic AMOLED,5.8,No,3100.0,142.2,69.9,7.9,150.0,4,330.0,1,42.0,5
2020-08-05 13:42:26.898223,2020-08-05,2,Unieuro,Android,Samsung,Galaxy S10e SM-G970F/DS,449.0,779.0,6,128.0,Dual SIM ibrida,Si,Si,Green,Dynamic AMOLED,5.8,No,3100.0,142.2,69.9,7.9,150.0,4,330.0,1,42.0,5
2020-08-05 13:43:41.288924,2020-08-05,2,Unieuro,Android,Samsung,Galaxy S10e SM-G970F/DS,449.0,779.0,6,128.0,Dual SIM ibrida,Si,Si,Black,Dynamic AMOLED,5.8,No,3100.0,142.2,69.9,7.9,150.0,4,330.0,1,42.0,5
2020-08-05 13:45:09.916423,2020-08-05,2,Unieuro,Android,ASUS,ZENFONE 5 Z,349.0,599.0,8,256.0,Dual SIM ibrida,Si,Si,Blue,IPS,6.2,No,3300.0,7.7,153.0,75.65,165.0,3,250.0,1,42.0,5
2020-08-05 13:45:49.093877,2020-08-05,2,Unieuro,Android,Samsung,Galaxy S10+ SM-G975F/DS,759.0,1279.0,8,512.0,Dual SIM ibrida,Si,Si,Black,Dynamic AMOLED,6.4,No,4100.0,157.6,74.1,7.8,198.0,7,520.0,1,41.0,5
2020-08-05 13:47:03.469324,2020-08-05,2,Unieuro,Android,Motorola,moto g⁷ power,139.0,229.99,4,64.0,N.d,Si,Si,Black,LTPS,6.2,No,5000.0,159.43,76.0,9.3,193.0,1,90.99000000000001,1,40.0,4
2020-08-05 13:47:44.689186,2020-08-05,2,Unieuro,Android,LG,Q60,159.0,249.9,3,64.0,Dual SIM,Si,Si,Blue,IPS,6.26,No,3500.0,161.3,77.0,8.7,172.0,1,90.9,1,36.0,4
2020-08-05 13:48:30.346930,2020-08-05,2,Unieuro,Android,LG,Q60,159.0,249.9,3,64.0,Dual SIM,Si,Si,Black,IPS,6.26,No,3500.0,161.3,77.0,8.7,172.0,1,90.9,1,36.0,4
2020-08-05 13:49:12.151811,2020-08-05,2,Unieuro,Android,Samsung,Galaxy S10 SM-G973F/DS,759.0,1179.0,8,512.0,Dual SIM ibrida,Si,Si,Green,Dynamic AMOLED,6.1,No,3400.0,149.9,70.4,7.8,157.0,7,420.0,1,36.0,4
2020-08-05 13:50:29.953196,2020-08-05,2,Unieuro,Android,Motorola,one Action 16,185.0,279.99,4,128.0,Dual SIM,Si,Si,Blue,IPS,6.3,No,3500.0,160.1,71.2,9.15,181.0,1,94.99000000000001,1,34.0,4
2020-08-05 13:51:07.657789,2020-08-05,2,Unieuro,Android,ASUS,ZenFone Max Pro (M2) ZB631KL-4D067EU 16,199.0,299.99,6,64.0,Dual SIM,Si,Si,Blue,IPS,6.3,No,5000.0,157.9,75.5,8.5,175.0,1,100.99000000000001,1,34.0,4
2020-08-05 13:51:50.051862,2020-08-05,2,Unieuro,Android,Huawei,P smart Z,189.9,279.9,4,64.0,Dual SIM ibrida,Si,Si,Black,LTPS,6.59,No,4000.0,163.5,77.3,8.8,196.8,1,89.99999999999997,1,32.0,4
2020-08-05 13:52:22.932687,2020-08-05,2,Unieuro,Android,ASUS,ZenFone ZB602KL-4A143EU,179.0,259.99,4,128.0,Dual SIM,Si,Si,Black,IPS,6,No,5000.0,8.45,159.0,76.0,180.0,1,80.99000000000001,1,31.0,4
2020-08-05 13:53:05.375857,2020-08-05,2,Unieuro,Android,Meizu,M6T,89.99,129.99,2,16.0,Dual SIM,Si,N.d,Blue,LTPS,5.7,No,3300.0,152.3,73.0,8.4,145.0,1,40.000000000000014,1,31.0,4
2020-08-05 13:54:17.900298,2020-08-05,2,Unieuro,Android,Samsung,Galaxy A30s,199.0,279.0,4,64.0,Dual SIM,Si,N.d,Green,SAMOLED,6.4,No,4000.0,158.5,74.7,7.8,169.0,1,80.0,1,28.999999999999996,3
2020-08-05 13:55:08.317152,2020-08-05,2,Unieuro,Android,Samsung,Galaxy A30s,199.0,279.0,4,64.0,Dual SIM,Si,N.d,Black,SAMOLED,6.4,No,4000.0,158.5,74.7,7.8,169.0,1,80.0,1,28.999999999999996,3
2020-08-05 13:56:02.334080,2020-08-05,2,Unieuro,Android,Wiko,WIM 14,109.0,149.99,4,64.0,Dual SIM,Si,Si,Blue,AMOLED,5.5,No,3200.0,156.2,75.3,7.9,160.0,1,40.99000000000001,1,27.0,3
2020-08-05 13:56:48.084837,2020-08-05,2,Unieuro,Android,ASUS,ZenFone Max (M1),119.0,159.99,3,32.0,Dual SIM,Si,Si,Gold,IPS,5.5,No,4000.0,147.3,70.9,8.7,150.0,1,40.99000000000001,1,26.0,3
2020-08-05 13:57:29.597584,2020-08-05,2,Unieuro,Android,ASUS,ZenFone max pro M2 ZB631KL-4D087EU 16,239.0,319.99,6,128.0,Dual SIM,Si,Si,Blue,IPS,6.3,No,5000.0,157.9,75.5,8.5,175.0,2,80.99000000000001,1,25.0,3
2020-08-05 13:58:37.889404,2020-08-05,2,Unieuro,Android,ASUS,ZenFone Max Pro M1,159.99,199.99,4,64.0,Dual SIM,Si,Si,Silver,IPS,6,No,5000.0,159.0,76.0,8.45,180.0,1,40.0,1,20.0,2
2020-08-05 13:59:12.609040,2020-08-05,2,Unieuro,Android,Huawei,P Smart 2019,159.0,199.9,3,64.0,Dual SIM ibrida,Si,Si,Blue,LTPS,6.21,No,3400.0,155.2,73.4,7.95,160.0,1,40.900000000000006,1,20.0,2
2020-08-05 13:59:48.880559,2020-08-05,2,Unieuro,Android,ASUS,ZenFone Max Pro M2 ZB631KL-4J097EU,179.0,219.99,4,64.0,Dual SIM,Si,Si,Titanium,IPS,6.3,No,5000.0,157.9,75.5,8.5,175.0,1,40.99000000000001,1,19.0,2
2020-08-05 14:00:30.691899,2020-08-05,2,Unieuro,Android,Oppo,RX17 Pro Radiant Mist,249.0,299.0,6,128.0,N.d,Si,Si,Blue,AMOLED,6.4,No,3700.0,157.6,74.6,7.9,183.0,2,50.0,1,17.0,2
2020-08-05 14:01:10.811111,2020-08-05,2,Unieuro,Android,Oppo,RX17 Pro Emerald Green,249.0,299.0,6,128.0,N.d,Si,Si,Green,AMOLED,6.4,No,3700.0,157.6,74.6,7.9,183.0,2,50.0,1,17.0,2
2020-08-05 14:01:46.969054,2020-08-05,2,Unieuro,Android,Oppo,Reno,249.0,299.0,6,256.0,Dual SIM,Si,Si,Green,AMOLED,6.4,No,3765.0,156.6,74.3,9.0,185.0,2,50.0,1,17.0,2
2020-08-05 14:02:17.473370,2020-08-05,2,Unieuro,Android,Honor,VIEW 10 Lite 16.5,219.0,259.9,4,128.0,N.d,N.d,N.d,Black,N.d,6.5,TIM,3750.0,160.4,76.6,7.8,175.0,2,40.89999999999998,1,16.0,2
2020-08-05 14:02:45.262879,2020-08-05,2,Unieuro,Android,Samsung,Galaxy S20 Ultra,1325.0,1379.0,12,128.0,Dual SIM,Si,Si,Grey,Dynamic AMOLED,6.9,No,5000.0,166.9,76.0,8.8,220.0,9,54.0,1,4.0,1
2020-08-05 14:03:40.231576,2020-08-05,2,Unieuro,Android,Honor,View 10 Lite 6.5 Doppia SIM Blu,199.0,199.0,4,128.0,Dual SIM,Si,Si,Blue,N.d,6.5,No,3750.0,160.4,76.6,7.8,178.0,1,0.0,0,0.0,1
2020-08-05 14:04:21.259474,2020-08-05,2,Unieuro,Android,Honor,View 10 Lite 6.5 Doppia SIM,199.0,199.0,4,128.0,Dual SIM,Si,Si,Black,N.d,6.5,No,3750.0,160.4,76.6,7.8,178.0,1,0.0,0,0.0,1
2020-08-05 14:05:00.308666,2020-08-05,2,Unieuro,Android,LG,V30,249.0,249.0,4,64.0,Mono SIM,Si,Si,Silver,OLED,6,No,3300.0,151.7,75.4,7.3,158.0,2,0.0,0,0.0,1
2020-08-05 14:06:08.851517,2020-08-05,2,Unieuro,Android,LG,G7 ThinQ SIM singola 4G 64GB Nero,269.9,269.9,4,64.0,Mono SIM,Si,Si,Black,N.d,6.1,No,3000.0,153.2,71.9,7.9,162.0,2,0.0,0,0.0,1
2020-08-05 14:06:53.901158,2020-08-05,2,Unieuro,Android,LG,K10 2017 (M250N) SIM singola 4G 16GB Nero,69.9,69.9,2,16.0,Mono SIM,Si,Si,Black,IPS,5.3,Vodafone,,148.7,75.3,7.9,144.0,1,0.0,0,0.0,1
2020-08-05 14:07:40.400180,2020-08-05,2,Unieuro,Android,LG,Q6 M700A,129.99,129.99,3,32.0,Mono SIM,Si,Si,Platinum,IPS,5.5,Vodafone,3000.0,142.5,69.3,8.1,149.0,1,0.0,0,0.0,1
2020-08-05 14:08:26.523886,2020-08-05,2,Unieuro,Android,LG,K4 2017,79.99,79.99,1,8.0,N.d,Si,N.d,Black,IPS,5,TIM,2500.0,144.7,72.6,7.9,138.0,1,0.0,0,0.0,1
2020-08-05 14:08:51.383192,2020-08-05,2,Unieuro,Android,LG,K9 LMX210EMW Doppia SIM 4G 16GB Nero,79.0,79.0,2,16.0,Dual SIM,Si,Si,Black,IPS,5,No,2500.0,146.3,73.2,8.2,152.0,1,0.0,0,0.0,1
2020-08-05 14:09:32.790152,2020-08-05,2,Unieuro,Android,LG,K4 (2017) SIM singola 4G 8GB Nero,69.9,69.9,1,8.0,Mono SIM,Si,Si,Black,IPS,5,Vodafone,2500.0,144.7,72.6,7.9,135.0,1,0.0,0,0.0,1
2020-08-05 14:10:18.915453,2020-08-05,2,Unieuro,Android,LG,K11,79.9,79.9,2,16.0,N.d,Si,Si,"Black, Gold",IPS,5.3,No,3000.0,148.7,75.3,8.68,162.0,1,0.0,0,0.0,1
2020-08-05 14:10:59.687006,2020-08-05,2,Unieuro,Android,Huawei,Y6 2019,119.0,139.9,2,32.0,Dual SIM,Si,Si,Blue,IPS,6.09,No,3020.0,156.28,73.5,8.0,150.0,1,20.900000000000006,1,15.0,2
2020-08-05 14:11:39.524243,2020-08-05,2,Unieuro,Android,LG,K20,89.9,89.9,1,16.0,Dual SIM ibrida,Si,Si,Black,TFT,5.45,No,3000.0,148.6,71.9,8.3,153.0,1,0.0,0,0.0,1
2020-08-05 14:12:27.154288,2020-08-05,2,Unieuro,Android,Huawei,Y6 2019,119.0,139.9,2,32.0,Dual SIM,Si,Si,Brown,IPS,6.09,No,3020.0,156.28,73.5,8.0,150.0,1,20.900000000000006,1,15.0,2
2020-08-05 14:13:03.049242,2020-08-05,2,Unieuro,Android,ASUS,ZenFone L1,89.99,89.99,,,Dual SIM,Si,Si,Gold,IPS,5.5,No,3000.0,147.26,71.77,8.15,140.0,1,0.0,0,0.0,1
2020-08-05 14:13:39.302933,2020-08-05,2,Unieuro,Android,Samsung,Galaxy A70,349.9,349.9,6,128.0,Dual SIM,Si,Si,White,SAMOLED,6.7,No,4500.0,164.3,76.7,7.9,183.0,3,0.0,0,0.0,1
2020-08-05 14:14:37.620170,2020-08-05,2,Unieuro,Android,Xiaomi,Mi Note 10,406.0,449.9,6,128.0,Dual SIM,Si,Si,Green,AMOLED,6.47,No,5260.0,157.8,74.2,9.67,208.0,4,43.89999999999998,1,10.0,1
2020-08-05 14:15:27.179012,2020-08-05,2,Unieuro,Android,Moto,G8 Plus 16,199.0,269.0,4,64.0,Dual SIM ibrida,Si,Si,Blue,LTPS,6.3,WindTre,4000.0,158.35,75.8,9.09,188.0,1,70.0,1,26.0,3
2020-08-05 14:16:08.371748,2020-08-05,2,Unieuro,Android,Samsung,Galaxy SM-A307F,209.0,279.9,4,64.0,Dual SIM,Si,N.d,Black,SAMOLED,6.4,No,4000.0,158.5,74.7,7.8,169.0,2,70.89999999999998,1,25.0,3
2020-08-05 14:17:03.336880,2020-08-05,2,Unieuro,Android,Xiaomi,Mi Note 10,550.0,599.9,6,128.0,Dual SIM,Si,Si,White,AMOLED,6.47,No,5260.0,157.8,74.2,9.67,208.0,5,49.89999999999998,1,8.0,1
2020-08-05 14:17:52.380967,2020-08-05,2,Unieuro,Android,Oppo,Find X2 Pro 17,1106.0,1199.0,12,512.0,Dual SIM,Si,N.d,Black,OLED,6.7,No,4260.0,165.2,74.4,8.8,217.0,9,93.0,1,8.0,1
2020-08-05 14:18:27.271182,2020-08-05,2,Unieuro,Android,Xiaomi,Redmi Note 7 16,179.9,179.9,4,64.0,Dual SIM ibrida,Si,Si,Black,IPS,6.3,No,4000.0,159.21,75.21,8.1,186.0,1,0.0,0,0.0,1
2020-08-05 14:19:13.712907,2020-08-05,2,Unieuro,Android,Huawei,nova 5T,299.0,339.9,6,128.0,Dual SIM,Si,Si,Blue,IPS,6.26,No,3750.0,154.25,73.97,7.87,174.0,2,40.89999999999998,1,12.0,2
2020-08-05 14:19:56.675523,2020-08-05,2,Unieuro,Android,LG,K50,139.9,139.9,3,32.0,Dual SIM,Si,Si,Black,IPS,6.26,No,3500.0,161.3,77.0,8.7,172.0,1,0.0,0,0.0,1
2020-08-05 14:20:43.418594,2020-08-05,2,Unieuro,Android,Honor,10 Lite,179.9,179.9,3,64.0,Dual SIM,Si,Si,Blue,LTPS,6.21,No,3400.0,154.8,73.64,7.95,162.0,1,0.0,0,0.0,1
2020-08-05 14:21:24.563125,2020-08-05,2,Unieuro,Android,Xiaomi,Redmi 8,169.9,169.9,4,64.0,Dual SIM,Si,Si,Black,IPS,6.22,No,5000.0,156.5,75.4,9.4,188.0,1,0.0,0,0.0,1
2020-08-05 14:22:04.404997,2020-08-05,2,Unieuro,Android,Oppo,AX7,169.0,169.0,4,64.0,Dual SIM,Si,Si,Blue,N.d,6.2,No,4230.0,155.9,75.4,8.1,168.0,1,0.0,0,0.0,1
2020-08-05 14:22:40.179414,2020-08-05,2,Unieuro,Android,ASUS,ZenFone L1,89.99,89.99,,,Dual SIM,Si,Si,Black,IPS,5.5,No,3000.0,147.26,71.77,8.15,140.0,1,0.0,0,0.0,1
2020-08-05 14:23:12.945466,2020-08-05,2,Unieuro,Android,realme,X3 SuperZoom,499.99,499.99,12,256.0,Dual SIM,Si,N.d,Blue,LED,6.6,No,4200.0,202.0,8.9,163.8,75.8,4,0.0,0,0.0,1
2020-08-05 14:23:41.726856,2020-08-05,2,Unieuro,Android,Honor,8A,119.0,149.9,3,32.0,N.d,Si,Si,Black,IPS,6.09,TIM,3020.0,156.28,73.5,8.0,150.0,1,30.900000000000006,1,21.0,3
2020-08-05 14:24:13.927048,2020-08-05,2,Unieuro,Android,Honor,9X,189.0,229.0,4,128.0,Dual SIM ibrida,Si,Si,Black,IPS,6.59,No,4000.0,163.5,77.3,8.8,196.8,1,40.0,1,17.0,2
2020-08-05 14:24:58.954709,2020-08-05,2,Unieuro,Android,Honor,9X,189.0,229.0,4,128.0,Dual SIM ibrida,Si,Si,Blue,IPS,6.59,No,4000.0,163.5,77.3,8.8,196.8,1,40.0,1,17.0,2
2020-08-05 14:25:43.266577,2020-08-05,2,Unieuro,Android,Huawei,nova 5T,299.0,339.0,6,128.0,Dual SIM,Si,Si,Black,IPS,6.26,No,3750.0,154.25,73.97,7.87,174.0,2,40.0,1,12.0,2
2020-08-05 14:26:25.086339,2020-08-05,2,Unieuro,Android,Nokia,2.2,106.0,109.99,2,16.0,N.d,Si,Si,Black,TFT,5.71,No,3000.0,145.96,70.56,9.3,153.0,1,3.989999999999995,1,4.0,1
2020-08-05 14:26:58.811051,2020-08-05,2,Unieuro,Android,Xiaomi,Mi Note 10 Pro,599.9,599.9,8,256.0,Dual SIM,Si,Si,Green,AMOLED,6.47,No,5260.0,157.8,74.2,9.67,208.0,5,0.0,0,0.0,1
2020-08-05 14:27:57.581062,2020-08-05,2,Unieuro,Android,Xiaomi,Mi Note 10 Pro,599.9,599.9,8,256.0,Dual SIM,Si,Si,Black,AMOLED,6.47,No,5260.0,157.8,74.2,9.67,208.0,5,0.0,0,0.0,1
2020-08-05 14:28:49.187587,2020-08-05,2,Unieuro,Android,ASUS,ZenFone 4 SIM singola 4G 64GB Nero,199.9,199.9,4,64.0,Mono SIM,Si,Si,Black,IPS,5.5,TIM,3300.0,155.4,75.2,7.7,155.0,1,0.0,0,0.0,1
2020-08-05 14:29:34.713344,2020-08-05,2,Unieuro,Android,SONY,Xperia XA1 Ultra,149.9,149.9,4,32.0,Mono SIM,Si,Si,White,IPS,6,No,2700.0,165.0,79.0,8.1,188.0,1,0.0,0,0.0,1
2020-08-05 14:30:39.697370,2020-08-05,2,Unieuro,Android,Huawei,P20,249.0,249.0,4,128.0,Dual SIM,Si,Si,Black,TFT-LCD,5.8,No,3400.0,149.1,70.8,7.65,165.0,2,0.0,0,0.0,1
2020-08-05 14:31:38.698449,2020-08-05,2,Unieuro,Android,Samsung,Galaxy S9 SM-G960F/DS,329.0,329.0,4,64.0,N.d,Si,Si,Polaris Blue,SAMOLED,5.8,No,3000.0,147.7,68.7,8.5,163.0,3,0.0,0,0.0,1
2020-08-05 14:32:27.454558,2020-08-05,2,Unieuro,Android,LG,K50,139.9,139.9,3,32.0,Dual SIM,Si,Si,Blue,IPS,6.26,No,3500.0,161.3,77.0,8.7,172.0,1,0.0,0,0.0,1
2020-08-05 14:33:26.147436,2020-08-05,2,Unieuro,Android,Huawei,Mate 20 Pro,499.0,499.0,6,128.0,N.d,Si,Si,Midnight Blue,OLED,6.39,No,4200.0,157.8,72.3,8.6,189.0,4,0.0,0,0.0,1
2020-08-05 14:34:17.914107,2020-08-05,2,Unieuro,Android,Huawei,Y7 2019,149.9,149.9,3,32.0,Dual SIM,Si,Si,Blue,N.d,6.26,No,4000.0,158.92,76.91,8.95,168.0,1,0.0,0,0.0,1
2020-08-05 14:34:48.052554,2020-08-05,2,Unieuro,Android,Honor,View 20,599.0,599.0,8,256.0,Dual SIM,Si,Si,Blue,N.d,6.4,No,4000.0,156.9,75.4,8.1,180.0,5,0.0,0,0.0,1
2020-08-05 14:35:24.651385,2020-08-05,2,Unieuro,Android,Honor,Play 16,179.0,179.0,4,64.0,Dual SIM ibrida,Si,Si,Blue,IPS,6.3,No,3750.0,157.91,74.27,7.48,176.0,1,0.0,0,0.0,1
2020-08-05 14:36:07.081366,2020-08-05,2,Unieuro,Android,Honor,Play 6.3 Dual SIM Nero,179.0,179.0,4,64.0,Dual SIM ibrida,Si,Si,Black,IPS,6.3,No,3750.0,157.91,74.27,7.48,176.0,1,0.0,0,0.0,1
2020-08-05 14:37:09.098120,2020-08-05,2,Unieuro,Android,Xiaomi,Mi 9,329.0,329.0,6,128.0,Dual SIM,Si,Si,Blue,AMOLED,6.39,No,3300.0,157.5,74.67,7.61,173.0,3,0.0,0,0.0,1
2020-08-05 14:37:51.634997,2020-08-05,2,Unieuro,Android,Huawei,P20 Pro,329.0,329.0,6,128.0,N.d,Si,Si,Blue,OLED,6.1,Vodafone,4000.0,155.0,73.9,7.8,180.0,3,0.0,0,0.0,1
2020-08-05 14:38:59.650082,2020-08-05,2,Unieuro,Android,Xiaomi,Mi 9 lite,249.9,249.9,6,64.0,Dual SIM,Si,Si,Grey,AMOLED,6.39,No,4030.0,156.8,74.5,8.67,179.0,2,0.0,0,0.0,1
2020-08-05 14:39:36.002368,2020-08-05,2,Unieuro,Android,Xiaomi,Mi 9 Lite,249.9,249.9,6,128.0,N.d,Si,Si,Blue,AMOLED,6.39,Vodafone,4030.0,156.6,74.5,8.67,179.0,2,0.0,0,0.0,1
2020-08-05 14:40:12.807522,2020-08-05,2,Unieuro,Android,Huawei,P20 Pro,329.0,329.0,6,128.0,Dual SIM,Si,Si,Black,AMOLED,6.1,No,4000.0,155.0,73.9,7.8,180.0,3,0.0,0,0.0,1
2020-08-05 14:41:17.361771,2020-08-05,2,Unieuro,Android,Samsung,Galaxy A40 15,219.0,219.0,4,64.0,Dual SIM,Si,Si,Coral,SAMOLED,5.9,TIM,3100.0,144.4,69.2,7.9,140.0,2,0.0,0,0.0,1
2020-08-05 14:42:01.228290,2020-08-05,2,Unieuro,Android,Samsung,Galaxy A9 (2018) A9,299.9,299.9,6,128.0,Dual SIM,Si,Si,Black,SAMOLED,6.3,No,3800.0,162.5,77.0,7.8,183.0,2,0.0,0,0.0,1
2020-08-05 14:42:58.052868,2020-08-05,2,Unieuro,Android,Oppo,A3 Moonlight Silver,169.0,169.0,4,128.0,Dual SIM,Si,Si,Silver,N.d,6.2,No,3400.0,156.0,75.3,7.8,159.0,1,0.0,0,0.0,1
2020-08-05 14:43:28.711235,2020-08-05,2,Unieuro,Android,Oppo,A3 Diamond Black,169.0,169.0,4,128.0,Dual SIM,Si,Si,Black,N.d,6.2,No,3400.0,156.0,75.3,7.8,159.0,1,0.0,0,0.0,1
2020-08-05 14:44:02.940716,2020-08-05,2,Unieuro,Android,LG,V30,199.9,199.9,4,64.0,Mono SIM,Si,Si,Blue,OLED,6,Vodafone,3300.0,151.7,75.4,7.3,158.0,1,0.0,0,0.0,1
2020-08-05 14:45:07.107986,2020-08-05,2,Unieuro,Android,Huawei,P20 Lite,219.9,219.9,4,64.0,Dual SIM,Si,Si,Black,TFT-LCD,5.84,No,3000.0,148.6,71.2,7.4,145.0,2,0.0,0,0.0,1
2020-08-05 14:46:02.641686,2020-08-05,2,Unieuro,Android,Samsung,Galaxy S7 Black 32GB Nero,179.9,179.9,,32.0,Mono SIM,N.d,Si,Black,SAMOLED,5.1,No,3000.0,142.4,69.6,7.9,152.0,1,0.0,0,0.0,1
2020-08-05 14:46:36.378045,2020-08-05,2,Unieuro,Android,Samsung,Galaxy A40 15,219.0,219.0,4,64.0,Dual SIM,Si,Si,Black,SAMOLED,5.9,No,3100.0,144.4,69.2,7.9,140.0,2,0.0,0,0.0,1
2020-08-05 14:47:27.727120,2020-08-05,2,Unieuro,Android,Honor,7X,149.9,149.9,4,64.0,Dual SIM ibrida,Si,Si,"Black, Grey",IPS,5.93,No,3340.0,156.5,75.3,7.6,165.0,1,0.0,0,0.0,1
2020-08-05 14:48:17.423600,2020-08-05,2,Unieuro,Android,Wiko,Y60,69.99,69.99,1,16.0,Dual SIM,Si,Si,Gold,N.d,5.45,No,2500.0,146.8,71.8,9.3,177.7,1,0.0,0,0.0,1
2020-08-05 14:48:53.432362,2020-08-05,2,Unieuro,Android,Wiko,Y60,69.99,69.99,1,16.0,Dual SIM,Si,Si,Blue,N.d,5.45,No,2500.0,146.8,71.8,9.3,177.7,1,0.0,0,0.0,1
2020-08-05 14:49:35.659506,2020-08-05,2,Unieuro,Android,Wiko,View2,99.99,99.99,3,32.0,Dual SIM ibrida,Si,Si,Gold,IPS,6,No,3000.0,154.5,72.0,8.3,153.0,1,0.0,0,0.0,1
2020-08-05 14:50:13.479268,2020-08-05,2,Unieuro,Android,Wiko,View2,99.99,99.99,3,32.0,Dual SIM ibrida,Si,Si,Anthracite,IPS,6,No,3000.0,154.5,72.0,8.3,153.0,1,0.0,0,0.0,1
2020-08-05 14:50:55.641983,2020-08-05,2,Unieuro,Android,Samsung,Galaxy S8 64GB Orchid Gray,399.9,399.9,4,64.0,Mono SIM,Si,Si,Grey,SAMOLED,5.8,TIM,3000.0,148.9,68.1,8.0,155.0,3,0.0,0,0.0,1
2020-08-05 14:51:39.939655,2020-08-05,2,Unieuro,Android,Samsung,Galaxy S8 64GB Blu,399.9,399.9,4,64.0,N.d,Si,Si,Blue,SAMOLED,5.8,TIM,3000.0,148.9,68.1,8.0,155.0,3,0.0,0,0.0,1
2020-08-05 14:52:27.107468,2020-08-05,2,Unieuro,Android,Samsung,Galaxy S8+ 4G 64GB Orchid grey,399.0,399.0,4,64.0,Mono SIM,Si,Si,Orchid grey,SAMOLED,6.2,No,3500.0,159.5,73.4,8.1,173.0,3,0.0,0,0.0,1
2020-08-05 14:53:12.713967,2020-08-05,2,Unieuro,Android,Samsung,Galaxy S8+ 4G 64GB Arctic silver,399.0,399.0,4,64.0,Mono SIM,Si,Si,Arctic silver,SAMOLED,6.2,No,3500.0,159.5,73.4,8.1,173.0,3,0.0,0,0.0,1
2020-08-05 14:53:59.887593,2020-08-05,2,Unieuro,Android,Samsung,Galaxy S8+ 4G 64GB Midnight black,399.0,399.0,4,64.0,Mono SIM,Si,Si,Midnight Black,SAMOLED,6.2,No,3500.0,159.5,73.4,8.1,173.0,3,0.0,0,0.0,1
2020-08-05 14:54:53.501248,2020-08-05,2,Unieuro,Android,Samsung,Galaxy S8 4G 64GB Gold,329.9,329.9,4,64.0,N.d,Si,Si,Gold,SAMOLED,5.8,No,3000.0,148.9,68.1,8.0,155.0,3,0.0,0,0.0,1
2020-08-05 14:55:35.136230,2020-08-05,2,Unieuro,Android,Honor,9 Lite,199.9,199.9,4,64.0,Dual SIM ibrida,Si,Si,Black,IPS,5.65,No,3000.0,151.0,71.9,7.6,149.0,1,0.0,0,0.0,1
2020-08-05 14:56:06.108916,2020-08-05,2,Unieuro,Android,Honor,10,199.0,199.0,4,64.0,Dual SIM,Si,Si,Black,IPS,5.84,No,3400.0,149.6,71.2,7.7,153.0,1,0.0,0,0.0,1
2020-08-05 14:57:08.996559,2020-08-05,2,Unieuro,Android,Xiaomi,Mi 9,329.0,329.0,6,128.0,Dual SIM,Si,Si,Black,AMOLED,6.39,No,3300.0,157.5,74.67,7.61,173.0,3,0.0,0,0.0,1
2020-08-05 14:58:05.612798,2020-08-05,2,Unieuro,Android,Samsung,Galaxy J6+ J6+,129.0,129.0,3,32.0,Mono SIM,Si,Si,Grey,TFT,6,No,3300.0,161.4,76.9,7.9,178.0,1,0.0,0,0.0,1
2020-08-05 14:58:58.310492,2020-08-05,2,Unieuro,Android,Samsung,Galaxy J6+ SM-J610,129.9,129.9,3,32.0,Mono SIM,Si,Si,Black,TFT,6,No,3300.0,161.4,76.9,7.9,178.0,1,0.0,0,0.0,1
2020-08-05 14:59:36.529967,2020-08-05,2,Unieuro,Android,Samsung,Galaxy J4+,119.9,119.9,2,32.0,Dual SIM,Si,Si,Pink,TFT,6,No,3300.0,161.4,76.9,7.9,178.0,1,0.0,0,0.0,1
2020-08-05 15:00:33.058841,2020-08-05,2,Unieuro,Android,Oppo,RX17 Neo Mocha Red,189.0,189.0,4,128.0,N.d,Si,N.d,Red,AMOLED,6.41,No,3600.0,158.3,75.5,7.4,156.0,1,0.0,0,0.0,1
2020-08-05 15:01:00.909358,2020-08-05,2,Unieuro,Android,Huawei,Mate 20 lite,199.0,199.0,4,64.0,Dual SIM ibrida,Si,Si,Blue,IPS,6.3,No,3750.0,158.3,75.3,7.6,172.0,1,0.0,0,0.0,1
2020-08-05 15:01:32.462881,2020-08-05,2,Unieuro,Android,Huawei,Mate 20 lite,199.0,199.0,4,64.0,Dual SIM ibrida,Si,Si,Black,IPS,6.3,No,3750.0,158.3,75.3,7.6,172.0,1,0.0,0,0.0,1
2020-08-05 15:02:08.459657,2020-08-05,2,Unieuro,Android,Huawei,Y6 2018,89.9,89.9,2,16.0,Dual SIM,Si,Si,Gold,IPS,5.7,TIM,3000.0,152.4,73.0,7.8,150.0,1,0.0,0,0.0,1
2020-08-05 15:02:50.898176,2020-08-05,2,Unieuro,Android,Samsung,Galaxy A6+ A6+ Dual SIM,199.9,199.9,3,32.0,Dual SIM,Si,Si,Black,SAMOLED,6,No,3500.0,160.2,75.7,7.9,191.0,1,0.0,0,0.0,1
2020-08-05 15:03:57.274381,2020-08-05,2,Unieuro,Android,Samsung,Galaxy A6 Dual SIM,179.9,179.9,3,32.0,Dual SIM,Si,Si,Lavender,SAMOLED,5.6,No,3000.0,149.9,70.8,7.7,162.0,1,0.0,0,0.0,1
2020-08-05 15:04:56.185011,2020-08-05,2,Unieuro,Android,Xiaomi,Mi A3,199.9,199.9,4,64.0,Dual SIM,Si,Si,White,AMOLED,6.088,No,4030.0,153.48,71.85,8.475,173.8,1,0.0,0,0.0,1
2020-08-05 15:05:50.938312,2020-08-05,2,Unieuro,Android,Xiaomi,Mi A3,199.9,199.9,4,64.0,Dual SIM,Si,Si,Grey,AMOLED,6.088,No,4030.0,153.48,71.85,8.475,173.8,1,0.0,0,0.0,1
2020-08-05 15:06:30.467016,2020-08-05,2,Unieuro,Android,Xiaomi,Mi A3,199.9,199.9,4,64.0,Dual SIM,Si,Si,Blue,AMOLED,6.088,No,4030.0,153.48,71.85,8.475,173.8,1,0.0,0,0.0,1
2020-08-05 15:07:15.613898,2020-08-05,2,Unieuro,Android,Samsung,Galaxy A9 (2018) 16,279.0,279.0,6,128.0,N.d,Si,Si,Blue,SAMOLED,6.3,TIM,3800.0,162.5,77.0,7.8,183.0,2,0.0,0,0.0,1
2020-08-05 15:08:13.925144,2020-08-05,2,Unieuro,Android,Samsung,Galaxy J6,99.9,99.9,3,32.0,Dual SIM,Si,N.d,Black,SAMOLED,5.6,No,3000.0,149.3,70.2,8.2,154.0,1,0.0,0,0.0,1
2020-08-05 15:08:48.317789,2020-08-05,2,Unieuro,Android,Oppo,Reno Z,219.0,219.0,4,128.0,Dual SIM,Si,Si,Purple,AMOLED,6.4,No,4035.0,157.3,74.9,9.1,186.0,2,0.0,0,0.0,1
2020-08-05 15:09:27.283393,2020-08-05,2,Unieuro,Android,Oppo,Reno Z,219.0,219.0,4,128.0,Dual SIM,Si,Si,Black,AMOLED,6.4,No,4035.0,157.3,74.9,9.1,186.0,2,0.0,0,0.0,1
2020-08-05 15:10:10.411109,2020-08-05,2,Unieuro,Android,Honor,7X,149.9,149.9,4,64.0,Dual SIM ibrida,Si,Si,"Black, Blue",IPS,5.93,No,3340.0,156.5,75.3,7.6,165.0,1,0.0,0,0.0,1
2020-08-05 15:11:00.808545,2020-08-05,2,Unieuro,Android,Wiko,Sunny 3,59.99,59.99,0.5,8.0,Dual SIM,Si,Si,Red,TN,5,No,2000.0,146.7,74.0,9.95,140.0,1,0.0,0,0.0,1
2020-08-05 15:11:37.113314,2020-08-05,2,Unieuro,Android,Wiko,Sunny 3,59.99,59.99,0.512,8.0,Dual SIM,Si,Si,Black,TN,5,No,2000.0,146.7,74.0,9.95,140.0,1,0.0,0,0.0,1
2020-08-05 15:12:13.427460,2020-08-05,2,Unieuro,Android,Samsung,Galaxy J6,129.9,129.9,3,32.0,Dual SIM,Si,N.d,"Black, Gold",SAMOLED,5.6,No,3000.0,149.3,70.2,8.2,154.0,1,0.0,0,0.0,1
2020-08-05 15:12:54.966135,2020-08-05,2,Unieuro,Android,Samsung,Galaxy Xcover 4,219.9,219.9,2,16.0,Mono SIM,Si,Si,Black,TFT,5,No,2800.0,146.2,73.3,9.7,172.0,2,0.0,0,0.0,1
2020-08-05 15:13:37.217555,2020-08-05,2,Unieuro,Android,Honor,7S,99.9,99.9,2,16.0,Dual SIM,Si,Si,Blue,IPS,5.45,No,3020.0,146.5,70.9,8.3,142.0,1,0.0,0,0.0,1
2020-08-05 15:14:04.382393,2020-08-05,2,Unieuro,Android,ASUS,ROG Phone II ZS660KL-1A050EU,699.0,699.0,8,128.0,Dual SIM,Si,Si,Black,AMOLED,6.59,No,6000.0,170.99,77.6,9.48,240.0,6,0.0,0,0.0,1
2020-08-05 15:14:50.546880,2020-08-05,2,Unieuro,Android,Wiko,upulse 14,99.99,99.99,3,32.0,Dual SIM,Si,Si,Red,IPS,5.5,No,3000.0,153.5,77.5,8.5,167.0,1,0.0,0,0.0,1
2020-08-05 15:15:38.839895,2020-08-05,2,Unieuro,Android,Wiko,View 2 Pro,139.99,139.99,4,64.0,Dual SIM ibrida,Si,Si,Anthracite,IPS,6,No,3000.0,153.0,72.6,8.3,164.0,1,0.0,0,0.0,1
2020-08-05 15:16:30.584254,2020-08-05,2,Unieuro,Android,Huawei,Y 6 2018,79.9,79.9,2,16.0,Mono SIM,Si,Si,Black,N.d,5.7,Vodafone,3000.0,152.4,73.0,7.8,150.0,1,0.0,0,0.0,1
2020-08-05 15:16:57.960547,2020-08-05,2,Unieuro,Android,Huawei,Y6,119.9,119.9,2,16.0,Dual SIM,Si,Si,Black,N.d,5.7,No,3000.0,152.4,73.0,7.8,150.0,1,0.0,0,0.0,1
2020-08-05 15:17:28.706851,2020-08-05,2,Unieuro,Android,Xiaomi,Mi 8 lite,159.9,159.9,4,64.0,Dual SIM,Si,Si,Black,N.d,6.26,No,3350.0,156.4,75.8,7.5,169.0,1,0.0,0,0.0,1
2020-08-05 15:18:10.194137,2020-08-05,2,Unieuro,Android,Wiko,Lenny 5,69.0,69.0,1,16.0,Dual SIM,Si,Si,Anthracite,IPS,5.7,No,2800.0,153.5,74.0,9.2,185.0,1,0.0,0,0.0,1
2020-08-05 15:18:50.661478,2020-08-05,2,Unieuro,Android,Wiko,Harry2,79.99,79.99,2,16.0,Dual SIM,Si,Si,Turquoise,IPS,5.45,No,2900.0,147.6,71.3,8.4,150.0,1,0.0,0,0.0,1
2020-08-05 15:19:38.363390,2020-08-05,2,Unieuro,Android,Huawei,Mate 20 Pro,499.0,499.0,6,128.0,N.d,Si,Si,Black,OLED,6.39,No,4200.0,157.8,72.3,8.6,189.0,4,0.0,0,0.0,1
2020-08-05 15:20:30.500271,2020-08-05,2,Unieuro,Android,LG,K40,119.9,119.9,2,32.0,Dual SIM,Si,Si,Grey,IPS,5.7,No,3000.0,153.0,71.9,8.3,144.0,1,0.0,0,0.0,1
2020-08-05 15:21:18.247876,2020-08-05,2,Unieuro,Android,SONY,Xperia E5,79.9,79.9,1.5,16.0,Mono SIM,Si,Si,Black,IPS,5,No,2300.0,144.0,69.0,8.2,147.0,1,0.0,0,0.0,1
2020-08-05 15:22:07.362784,2020-08-05,2,Unieuro,Android,LG,K9,79.9,79.9,2,16.0,Dual SIM,Si,Si,Black,IPS,5,Vodafone,2500.0,146.3,73.2,8.2,152.0,1,0.0,0,0.0,1
2020-08-05 15:22:54.005715,2020-08-05,2,Unieuro,Android,Huawei,Mate 10 Lite 4G 64GB Nero,179.9,179.9,4,64.0,N.d,Si,Si,Black,IPS,5.9,TIM,3340.0,156.2,75.2,7.5,164.0,1,0.0,0,0.0,1
2020-08-05 15:23:27.500946,2020-08-05,2,Unieuro,Android,Wiko,View3,139.99,139.99,3,64.0,Dual SIM,Si,Si,Blue,IPS,6.26,No,4000.0,159.0,76.5,8.2,178.0,1,0.0,0,0.0,1
2020-08-05 15:24:06.093652,2020-08-05,2,Unieuro,Linux,Nokia,8110,79.99,79.99,0.5,4.0,Dual SIM,Si,Si,Black,N.d,2.45,No,1500.0,133.45,49.3,14.9,117.0,1,0.0,0,0.0,1
2020-08-05 15:24:30.716218,2020-08-05,2,Unieuro,Android,LG,G7 Fit,159.9,159.9,4,32.0,Dual SIM,Si,Si,Black,IPS,6.1,No,3000.0,153.2,71.9,7.9,160.0,1,0.0,0,0.0,1
2020-08-05 15:25:24.944128,2020-08-05,2,Unieuro,Android,Archos,Access 50 3G,39.0,39.0,1,8.0,Dual SIM,Si,N.d,Black,TN,5,No,2000.0,143.7,70.9,9.5,,1,0.0,0,0.0,1
2020-08-05 15:25:57.183307,2020-08-05,2,Unieuro,Android,Xiaomi,Redmi 6A,99.9,99.9,2,16.0,Dual SIM,Si,Si,Black,N.d,5.45,No,3000.0,147.5,71.5,8.3,145.0,1,0.0,0,0.0,1
2020-08-05 15:26:21.342828,2020-08-05,2,Unieuro,Android,Wiko,Sunny 3 Mini,54.99,54.99,0.512,8.0,Dual SIM,Si,Si,Black,TN,4,No,1400.0,125.0,64.6,10.3,113.0,1,0.0,0,0.0,1
2020-08-05 15:26:56.580782,2020-08-05,2,Unieuro,Android,Huawei,Y 6 2018,89.9,89.9,2,16.0,Mono SIM,Si,Si,Black,N.d,5.7,TIM,3000.0,152.4,73.0,7.8,150.0,1,0.0,0,0.0,1
2020-08-05 15:27:24.103063,2020-08-05,2,Unieuro,Android,Motorola,Razr,1599.9,1599.9,6,128.0,Mono SIM,Si,Si,Black,P-OLED,6.2,TIM,2510.0,172.0,72.0,6.9,205.0,9,0.0,0,0.0,1
2020-08-05 15:27:57.203028,2020-08-05,2,Unieuro,Android,Samsung,Galaxy A10,159.99,159.99,2,32.0,Dual SIM,Si,Si,Black,TFT,6.2,No,3400.0,155.6,75.6,7.9,168.0,1,0.0,0,0.0,1
2020-08-05 15:28:44.623497,2020-08-05,2,Unieuro,Android,Huawei,Y5 2019,99.0,99.0,2,16.0,Dual SIM,Si,Si,Blue,IPS,5.71,Vodafone,3020.0,147.13,70.78,8.45,146.0,1,0.0,0,0.0,1
2020-08-05 15:29:18.974405,2020-08-05,2,Unieuro,Android,LG,Q7 14,139.99,139.99,3,32.0,Dual SIM,Si,Si,Black,IPS,5.5,Vodafone,3000.0,143.8,69.3,8.4,145.0,1,0.0,0,0.0,1
2020-08-05 15:30:05.488135,2020-08-05,2,Unieuro,Android,Huawei,P20 Lite,219.9,219.9,4,64.0,Mono SIM,Si,Si,"Black, Blue",TFT-LCD,5.84,No,3000.0,148.6,71.2,7.4,145.0,2,0.0,0,0.0,1
2020-08-05 15:31:04.282756,2020-08-05,2,Unieuro,Android,Xiaomi,Redmi Note 8T 16,229.9,229.9,4,64.0,Dual SIM,Si,N.d,Blue,IPS,6.3,Vodafone,4000.0,161.15,75.4,8.6,199.8,2,0.0,0,0.0,1
2020-08-05 15:31:35.424127,2020-08-05,2,Unieuro,Android,Samsung,Galaxy A6 32,169.0,169.0,3,32.0,Mono SIM,Si,Si,Black,SAMOLED,5.6,Vodafone,3000.0,149.9,70.8,7.7,162.0,1,0.0,0,0.0,1
2020-08-05 15:32:33.470949,2020-08-05,2,Unieuro,Android,Nokia,3.1,129.0,129.0,2,16.0,N.d,Si,Si,Black,IPS,5.2,No,2990.0,146.25,68.65,8.7,138.3,1,0.0,0,0.0,1
2020-08-05 15:33:13.953263,2020-08-05,2,Unieuro,Android,LG,Q Stylus,159.99,159.99,3,32.0,Mono SIM,Si,Si,Black,IPS,6.2,No,3300.0,160.15,77.75,8.4,172.0,1,0.0,0,0.0,1
2020-08-05 15:34:03.623279,2020-08-05,2,Unieuro,Android,ASUS,ZenFone 3 ZC553KL-4G032WW 14,99.99,99.99,3,32.0,Dual SIM,Si,Si,Gold,IPS,5.5,No,4100.0,151.4,76.24,8.3,175.0,1,0.0,0,0.0,1
2020-08-05 15:34:28.885968,2020-08-05,2,Unieuro,Android,ASUS,ROG Phone 3,1099.0,1099.0,16,512.0,Dual SIM,Si,N.d,Black,AMOLED,6.59,No,6000.0,171.0,78.0,9.85,240.0,9,0.0,0,0.0,1
2020-08-05 15:35:05.205262,2020-08-05,2,Unieuro,Android,ASUS,ROG Phone 3,999.0,999.0,12,512.0,Dual SIM,Si,N.d,Black,AMOLED,6.59,No,6000.0,171.0,78.0,9.85,240.0,9,0.0,0,0.0,1
2020-08-05 15:35:40.502117,2020-08-05,2,Unieuro,Android,Archos,Access 57 (4G),59.0,59.0,1,16.0,Dual SIM,Si,N.d,Blue,TN,5.7,No,2400.0,157.0,74.9,10.2,171.0,1,0.0,0,0.0,1
2020-08-13 12:35:33.306301,2020-08-13,1,MediaWorld,Android,Samsung,Galaxy S20 4G,597.35,919.0,8,128.0,Mono SIM,Si,Si,Grey,Dynamic AMOLED,"6,2",No,4000.0,151.7,69.1,0.79,163.0,5,321.65,1,35.0,4
2020-08-13 12:36:02.587361,2020-08-13,1,MediaWorld,Android,Xiaomi,MI NOTE 10 LITE,279.3,399.0,6,128.0,Dual SIM,Si,N.d,Black,AMOLED,"6,47",Vodafone,5260.0,157.79999999999995,74.2,0.9670000000000001,204.0,2,119.69999999999999,1,30.0,3
2020-08-13 12:36:25.157765,2020-08-13,1,MediaWorld,iOS,APPLE,iPhone 11 64GB,794.0,839.0,,64.0,Mono SIM,Si,Si,White,Retina,"6,1",No,,150.9,75.7,0.83,194.0,7,45.0,1,5.0,1
2020-08-13 12:36:54.285715,2020-08-13,1,MediaWorld,iOS,APPLE,iPhone 11 Pro 256GB,1155.15,1359.0,,256.0,Mono SIM,Si,Si,Green,OLED,"5,8",No,,144.0,71.39999999999998,0.81,188.0,9,203.8499999999999,1,15.0,2
2020-08-13 12:37:16.289591,2020-08-13,1,MediaWorld,Android,Samsung,Galaxy S20 4G,597.35,919.0,8,128.0,Mono SIM,Si,Si,Blue,Dynamic AMOLED,"6,2",No,4000.0,151.7,69.1,0.79,163.0,5,321.65,1,35.0,4
2020-08-13 12:37:40.367097,2020-08-13,1,MediaWorld,iOS,APPLE,iPhone 11 128GB,800.1,889.0,,128.0,Mono SIM,Si,Si,Black,Retina,"6,1",No,,150.9,75.7,0.83,194.0,8,88.89999999999998,1,10.0,1
2020-08-13 12:38:05.736805,2020-08-13,1,MediaWorld,iOS,APPLE,iPhone 11 64GB,779.0,839.0,,64.0,Mono SIM,Si,Si,Purple,Retina,"6,1",No,,150.9,75.7,0.83,194.0,7,60.0,1,7.000000000000001,1
2020-08-13 12:38:32.089784,2020-08-13,1,MediaWorld,Android,Huawei,P30 LITE,194.35,299.0,4,128.0,Dual SIM,Si,Si,Blue,LCD,"6,15",N.d,3340.0,152.89999999999995,72.69999999999997,0.74,159.0,1,104.65,1,35.0,4
2020-08-13 12:38:54.471042,2020-08-13,1,MediaWorld,iOS,APPLE,iPhone 11 Pro 64GB,1049.0,1199.0,,64.0,Dual SIM,Si,Si,Green,OLED,"5,8",No,,144.0,71.39999999999998,0.81,188.0,9,150.0,1,13.0,2
2020-08-13 12:39:15.913565,2020-08-13,1,MediaWorld,Android,Samsung,Galaxy A51,269.25,359.0,4,128.0,Dual SIM,Si,Si,Black,SAMOLED,"6,5",No,4000.0,158.5,73.60000000000002,0.79,172.0,2,89.75,1,25.0,3
2020-08-13 12:39:42.208569,2020-08-13,1,MediaWorld,Android,Samsung,NOTE 10 LITE,399.0,629.0,6,128.0,Dual SIM,Si,N.d,Black,SAMOLED,"6,7",Vodafone,4500.0,163.70000000000005,76.10000000000002,8.7,199.0,3,230.0,1,37.0,4
2020-08-13 12:40:13.046605,2020-08-13,1,MediaWorld,iOS,APPLE,iPhone SE 64GB,479.0,499.0,,64.0,Mono SIM,Si,Si,Black,Retina,"4,7",No,,67.30000000000001,138.4,0.73,148.0,4,20.0,1,4.0,1
2020-08-13 12:40:35.951709,2020-08-13,1,MediaWorld,Android,Samsung,Galaxy A20e,139.99,179.99,3,32.0,Dual SIM,Si,Si,White,TFT,"5,8",N.d,3000.0,147.4,69.7,0.84,140.0,1,40.0,1,22.0,3
2020-08-13 12:41:07.560879,2020-08-13,1,MediaWorld,iOS,APPLE,iPhone SE 128GB,542.0,549.0,,128.0,Mono SIM,Si,Si,Black,Retina,"4,7",No,,67.30000000000001,138.4,0.73,148.0,5,7.0,1,1.0,1
2020-08-13 12:41:30.666698,2020-08-13,1,MediaWorld,iOS,APPLE,iPhone 11 Pro Max 256GB,1306.0,1459.0,,256.0,Mono SIM,Si,Si,Green,OLED,"6,5",No,,158.0,77.8,0.81,226.0,9,153.0,1,10.0,1
2020-08-13 12:41:56.067372,2020-08-13,1,MediaWorld,iOS,APPLE,iPhone 11 Pro 256GB,1155.15,1359.0,,256.0,Mono SIM,Si,Si,Silver,OLED,"5,8",No,,144.0,71.39999999999998,0.81,188.0,9,203.8499999999999,1,15.0,2
2020-08-13 12:42:19.925457,2020-08-13,1,MediaWorld,Android,Xiaomi,Redmi Note 9 Pro 6+128,279.99,299.99,6,128.0,Dual SIM,Si,Si,Green,N.d,"6,67",No,5020.0,165.7,76.6,0.88,209.0,2,20.0,1,7.000000000000001,1
2020-08-13 12:42:41.344408,2020-08-13,1,MediaWorld,iOS,APPLE,iPhone 11 Pro Max 256GB,1329.0,1459.0,,256.0,Mono SIM,Si,Si,Grey,OLED,"6,5",No,,158.0,77.8,0.81,226.0,9,130.0,1,9.0,1
2020-08-13 12:43:05.523212,2020-08-13,1,MediaWorld,Android,Xiaomi,Redmi Note 8 Pro 6+128,229.99,299.99,6,128.0,Dual SIM,Si,N.d,Black,LCD,"6,53",No,4500.0,161.29999999999995,76.39999999999998,0.87,,2,70.0,1,23.0,3
2020-08-13 12:43:34.313494,2020-08-13,1,MediaWorld,iOS,APPLE,iPhone 11 Pro Max 256GB,1329.0,1459.0,,256.0,Mono SIM,Si,Si,Silver,OLED,"6,5",No,,158.0,77.8,0.81,226.0,9,130.0,1,9.0,1
2020-08-13 12:44:02.095855,2020-08-13,1,MediaWorld,iOS,APPLE,iPhone 11 Pro 64GB,1049.0,1199.0,,64.0,Mono SIM,Si,Si,Gold,OLED,"5,8",No,,144.0,71.39999999999998,0.81,188.0,9,150.0,1,13.0,2
2020-08-13 12:44:26.725537,2020-08-13,1,MediaWorld,Android,Samsung,Galaxy A71,367.2,459.0,6,128.0,Dual SIM,Si,Si,Blue,SAMOLED,"6,7",No,4500.0,163.6,76.0,0.77,179.0,3,91.80000000000001,1,20.0,2
2020-08-13 12:44:53.991162,2020-08-13,1,MediaWorld,iOS,APPLE,iPhone 11 64GB,779.0,839.0,,64.0,Mono SIM,Si,Si,Green,Retina,"6,1",No,,150.9,75.7,0.83,194.0,7,60.0,1,7.000000000000001,1
2020-08-13 12:45:15.271154,2020-08-13,1,MediaWorld,iOS,APPLE,iPhone 11 Pro 64GB,1049.0,1199.0,,64.0,Dual SIM,Si,Si,Grey,OLED,"5,8",No,,144.0,71.39999999999998,0.81,188.0,9,150.0,1,13.0,2
2020-08-13 12:45:37.056754,2020-08-13,1,MediaWorld,iOS,APPLE,iPhone 11 128GB,800.1,889.0,,128.0,Mono SIM,Si,Si,Green,Retina,"6,1",No,,150.9,75.7,0.83,194.0,8,88.89999999999998,1,10.0,1
2020-08-13 12:46:04.011096,2020-08-13,1,MediaWorld,Android,Xiaomi,XIAOMI REDMI 7A,84.99,119.99,2,16.0,Dual SIM,Si,Si,Blue,LCD,"5,45",TIM,4000.0,143.0,70.0,0.96,165.0,1,35.0,1,28.999999999999996,3
2020-08-13 12:46:33.563073,2020-08-13,1,MediaWorld,iOS,APPLE,iPhone 11 64GB,779.0,839.0,,64.0,Mono SIM,Si,Si,Black,Retina,"6,1",No,,150.9,75.7,0.83,194.0,7,60.0,1,7.000000000000001,1
2020-08-13 12:46:56.746686,2020-08-13,1,MediaWorld,iOS,APPLE,iPhone 11 128GB,800.1,889.0,,128.0,Mono SIM,Si,Si,Red,Retina,"6,1",No,,150.9,75.7,0.83,194.0,8,88.89999999999998,1,10.0,1
2020-08-13 12:47:21.373440,2020-08-13,1,MediaWorld,iOS,APPLE,iPhone 11 Pro 64GB,1049.0,1199.0,,64.0,Dual SIM,Si,Si,Silver,OLED,"5,8",No,,144.0,71.39999999999998,0.81,188.0,9,150.0,1,13.0,2
2020-08-13 12:47:49.834051,2020-08-13,1,MediaWorld,Android,Samsung,Galaxy A20e,139.99,179.99,3,32.0,Dual SIM,Si,Si,Coral,TFT,"5,8",N.d,3000.0,147.4,69.7,0.84,140.0,1,40.0,1,22.0,3
2020-08-13 12:48:14.486607,2020-08-13,1,MediaWorld,Android,Samsung,Galaxy A10,139.99,139.99,2,32.0,Dual SIM,N.d,N.d,Blue,TFT,"6,2",N.d,3400.0,155.6,75.6,0.81,168.0,1,0.0,0,0.0,1
2020-08-13 12:48:39.332746,2020-08-13,1,MediaWorld,Android,Samsung,Galaxy S20 Ultra 5G,1299.0,1379.0,12,128.0,Mono SIM,Si,Si,White,Dynamic AMOLED,"6,9",No,5000.0,1669.0,76.0,0.88,220.0,9,80.0,1,6.0,1
2020-08-13 12:49:05.454954,2020-08-13,1,MediaWorld,Android,Honor,HUAWEI HONOR 8S,89.99,119.99,2,32.0,Dual SIM,Si,N.d,Black,LCD,"5,7",No,3000.0,147.0,70.8,0.85,146.0,1,30.0,1,25.0,3
2020-08-13 12:49:28.046685,2020-08-13,1,MediaWorld,Android,Motorola,E6s,90.3,129.0,2,32.0,Dual SIM,Si,Si,Blue,LCD,"6,1",No,3000.0,155.0,73.0,0.85,160.0,1,38.7,1,30.0,3
2020-08-13 12:49:53.815971,2020-08-13,1,MediaWorld,Android,Samsung,Galaxy A71,367.2,459.0,6,128.0,Dual SIM,Si,Si,Silver,SAMOLED,"6,7",No,4500.0,163.6,76.0,0.77,179.0,3,91.80000000000001,1,20.0,2
2020-08-13 12:50:18.813173,2020-08-13,1,MediaWorld,Android,Samsung,Galaxy A41,239.99,299.99,4,64.0,Dual SIM,Si,Si,Black,SAMOLED,"6,1",No,3500.0,149.9,69.80000000000001,0.79,152.0,2,60.0,1,20.0,2
2020-08-13 12:50:44.003799,2020-08-13,1,MediaWorld,iOS,APPLE,iPhone SE 128GB,539.0,549.0,,128.0,Mono SIM,Si,Si,White,Retina,"4,7",No,,67.30000000000001,138.4,0.73,148.0,5,10.0,1,2.0,1
2020-08-13 12:51:05.679805,2020-08-13,1,MediaWorld,iOS,APPLE,iPhone SE 128GB,549.0,549.0,,128.0,Mono SIM,Si,Si,Red,Retina,"4,7",No,,67.30000000000001,138.4,0.73,148.0,5,0.0,0,0.0,1
2020-08-13 12:51:27.958302,2020-08-13,1,MediaWorld,Android,Huawei,P SMART Z,155.4,259.0,4,64.0,Dual SIM,Si,Si,Black,LCD,"6,59",No,4000.0,163.4,77.2,0.88,197.0,1,103.6,1,40.0,4
2020-08-13 12:51:53.257330,2020-08-13,1,MediaWorld,Android,Xiaomi,Redmi Note 8 Pro 6+128,229.99,299.99,6,128.0,Dual SIM,Si,N.d,Blue,N.d,"6,53",No,4500.0,161.29999999999995,76.39999999999998,0.87,,2,70.0,1,23.0,3
2020-08-13 12:52:23.372436,2020-08-13,1,MediaWorld,Android,Samsung,Galaxy A21s,179.99,209.99,3,32.0,Dual SIM,Si,Si,White,TFT,"6,5",No,5000.0,163.70000000000005,75.3,0.89,192.0,1,30.0,1,14.000000000000002,2
2020-08-13 12:52:47.144638,2020-08-13,1,MediaWorld,Android,Xiaomi,Redmi Note 9 Pro 6+128,259.99,299.0,6,128.0,Dual SIM,Si,Si,White,N.d,"6,67",No,5020.0,165.7,76.6,0.88,209.0,2,39.00999999999999,1,13.0,2
2020-08-13 12:53:15.557616,2020-08-13,1,MediaWorld,iOS,APPLE,iPhone 11 Pro Max 64GB,1095.65,1289.0,,64.0,Dual SIM,Si,Si,Gold,OLED,"6,5",No,,158.0,77.8,0.81,226.0,9,193.3499999999999,1,15.0,2
2020-08-13 12:53:40.653521,2020-08-13,1,MediaWorld,iOS,APPLE,iPhone 11 128GB,800.1,889.0,,128.0,Mono SIM,Si,Si,Purple,Retina,"6,1",No,,150.9,75.7,0.83,194.0,8,88.89999999999998,1,10.0,1
2020-08-13 12:54:06.324402,2020-08-13,1,MediaWorld,iOS,APPLE,iPhone 11 Pro 256GB,1155.15,1359.0,,256.0,Dual SIM,Si,Si,Gold,OLED,"5,8",No,,144.0,71.39999999999998,0.81,188.0,9,203.8499999999999,1,15.0,2
2020-08-13 12:54:29.580036,2020-08-13,1,MediaWorld,Android,Huawei,P SMART Z,155.4,259.0,4,64.0,Dual SIM,Si,Si,Blue,LCD,"6,59",No,4000.0,163.4,77.2,0.88,197.0,1,103.6,1,40.0,4
2020-08-13 12:54:57.145972,2020-08-13,1,MediaWorld,iOS,APPLE,iPhone 11 Pro Max 256GB,1329.0,1459.0,,256.0,Dual SIM,Si,Si,Gold,OLED,"6,5",No,,158.0,77.8,0.81,226.0,9,130.0,1,9.0,1
2020-08-13 12:55:18.283715,2020-08-13,1,MediaWorld,iOS,APPLE,iPhone 11 Pro Max 64GB,1095.65,1289.0,,64.0,Dual SIM,Si,Si,Green,OLED,"6,5",No,,158.0,77.8,0.81,226.0,9,193.3499999999999,1,15.0,2
2020-08-13 12:55:40.285806,2020-08-13,1,MediaWorld,iOS,APPLE,iPhone 11 128GB,800.1,889.0,,128.0,Mono SIM,Si,Si,Yellow,Retina,"6,1",No,,150.9,75.7,0.83,194.0,8,88.89999999999998,1,10.0,1
2020-08-13 12:56:03.057973,2020-08-13,1,MediaWorld,Android,Samsung,Galaxy A21s,179.99,209.99,3,32.0,Dual SIM,Si,Si,Blue,TFT,"6,5",No,5000.0,163.70000000000005,75.3,0.89,192.0,1,30.0,1,14.000000000000002,2
2020-08-13 12:56:27.404524,2020-08-13,1,MediaWorld,Android,Wiko,Y50,55.99,69.99,1,16.0,Dual SIM,Si,Si,Grey,N.d,5,No,2200.0,146.0,73.5,0.87,160.0,1,13.999999999999993,1,20.0,2
2020-08-13 12:56:54.426061,2020-08-13,1,MediaWorld,iOS,APPLE,iPhone XR 64GB,628.15,739.0,3,64.0,Mono SIM,Si,Si,Yellow,LCD,"6,1",N.d,2942.0,150.9,75.7,0.83,194.0,6,110.85000000000002,1,15.0,2
2020-08-13 12:57:18.941189,2020-08-13,1,MediaWorld,iOS,APPLE,iPhone XR 128GB,729.0,789.0,3,128.0,Mono SIM,Si,Si,White,LCD,"6,1",N.d,2942.0,150.9,75.7,0.83,194.0,7,60.0,1,8.0,1
2020-08-13 12:57:43.329442,2020-08-13,1,MediaWorld,Android,Oppo,Reno 2Z,279.99,349.0,8,128.0,Dual SIM,Si,Si,White,AMOLED,"6,5",No,4000.0,161.8,75.8,0.87,195.0,2,69.00999999999999,1,20.0,2
2020-08-13 12:58:10.976053,2020-08-13,1,MediaWorld,Android,Samsung,Galaxy Note 10+,1129.0,1129.0,12,256.0,Dual SIM,N.d,Si,Aura Black,Dynamic AMOLED,"6,8",No,4300.0,162.3,77.2,0.79,196.0,9,0.0,0,0.0,1
2020-08-13 12:58:36.579546,2020-08-13,1,MediaWorld,Android,Huawei,P40 Lite 5G Green,329.0,399.0,6,128.0,Dual SIM,Si,Si,Green,N.d,"6,5",No,4000.0,162.3,75.0,0.858,189.0,3,70.0,1,18.0,2
2020-08-13 12:59:05.996496,2020-08-13,1,MediaWorld,Android,Samsung,NOTE10 LITE,399.0,629.0,6,128.0,Dual SIM,Si,N.d,Black,SAMOLED,"6,7",No,4500.0,163.70000000000005,76.10000000000002,8.7,199.0,3,230.0,1,37.0,4
2020-08-13 12:59:29.712524,2020-08-13,1,MediaWorld,Android,Huawei,p smart 2019,149.25,199.0,3,64.0,Dual SIM,Si,Si,Black,LCD,"6,21",N.d,3400.0,155.2,73.4,0.79,160.0,1,49.75,1,25.0,3
2020-08-13 12:59:57.841311,2020-08-13,1,MediaWorld,Android,Samsung,Galaxy A10,139.99,139.99,2,32.0,Dual SIM,N.d,N.d,Red,TFT,"6,2",N.d,3400.0,155.6,75.6,0.81,168.0,1,0.0,0,0.0,1
2020-08-13 13:00:25.358453,2020-08-13,1,MediaWorld,Android,Huawei,P40 Lite Pink,242.1,269.0,6,128.0,Dual SIM,Si,Si,Pink,LCD,"6,4",No,4200.0,159.2,76.3,0.87,183.0,2,26.900000000000006,1,10.0,1
2020-08-13 13:00:48.293210,2020-08-13,1,MediaWorld,Android,Oppo,A9 2020,189.99,229.0,4,128.0,Dual SIM,Si,Si,Purple,LCD,"6,5",No,5000.0,163.6,75.6,0.91,195.0,1,39.00999999999999,1,17.0,2
2020-08-13 13:01:15.906969,2020-08-13,1,MediaWorld,Android,Motorola,edge,548.0,699.0,6,128.0,Dual SIM,Si,Si,Black,OLED,"6,7",No,4500.0,161.0,71.10000000000002,0.93,188.0,5,151.0,1,22.0,3
2020-08-13 13:01:36.887855,2020-08-13,1,MediaWorld,Android,Oppo,A5 2020,139.3,199.0,3,64.0,Dual SIM,Si,Si,Black,LCD,"6,5",No,5000.0,163.6,75.6,0.91,195.0,1,59.69999999999999,1,30.0,3
2020-08-13 13:02:05.763661,2020-08-13,1,MediaWorld,Android,Huawei,Y6 2019,129.99,129.99,2,32.0,Dual SIM,Si,Si,Black,LCD,"6,09",N.d,3020.0,156.2,73.5,0.8,150.0,1,0.0,0,0.0,1
2020-08-13 13:02:30.009377,2020-08-13,1,MediaWorld,Android,Xiaomi,REDMI 9 GREY NO ETIC,169.99,169.99,4,64.0,Dual SIM,Si,No,Grey,LCD,"6,53",WindTre,5020.0,163.0,77.0,0.91,198.0,1,0.0,0,0.0,1
2020-08-13 13:02:58.594261,2020-08-13,1,MediaWorld,Android,Samsung,GALAXY Z FLIP,1299.0,1499.0,8,256.0,Mono SIM,Si,Si,Black,Dynamic AMOLED,"6,7",No,3300.0,167.3,73.60000000000002,0.69,183.0,9,200.0,1,13.0,2
2020-08-13 13:03:23.074660,2020-08-13,1,MediaWorld,iOS,APPLE,iPhone 11 Pro Max 64GB,1095.65,1289.0,,64.0,Mono SIM,Si,Si,Grey,OLED,"6,5",No,,158.0,77.8,0.81,226.0,9,193.3499999999999,1,15.0,2
2020-08-13 13:03:51.893532,2020-08-13,1,MediaWorld,Android,BRONDI,AMICO SMARTPHONE,66.99,89.99,0.512,4.0,Dual SIM,Si,Si,Black,LCD,5,N.d,,151.0,69.0,1.07,150.0,1,23.0,1,26.0,3
2020-08-13 13:04:20.454873,2020-08-13,1,MediaWorld,iOS,APPLE,iPhone 11 Pro Max 64GB,1095.65,1289.0,,64.0,Mono SIM,Si,Si,Silver,OLED,"6,5",No,,158.0,77.8,0.81,226.0,9,193.3499999999999,1,15.0,2
2020-08-13 13:04:45.607127,2020-08-13,1,MediaWorld,Android,Oppo,A91,279.99,329.0,8,128.0,Dual SIM,Si,Si,Blue,AMOLED,"6,4",No,4025.0,160.2,73.3,0.79,172.0,2,49.00999999999999,1,15.0,2
2020-08-13 13:05:09.679599,2020-08-13,1,MediaWorld,Android,Honor,8A,149.99,149.99,2,32.0,Dual SIM,Si,N.d,Gold,LCD,"6,4",TIM,3020.0,156.0,73.0,0.8,,1,0.0,0,0.0,1
2020-08-13 13:05:32.733731,2020-08-13,1,MediaWorld,Android,Oppo,A5 2020,139.3,199.0,3,64.0,Dual SIM,Si,Si,White,LCD,"6,5",No,5000.0,163.6,75.6,0.91,195.0,1,59.69999999999999,1,30.0,3
2020-08-13 13:05:56.573590,2020-08-13,1,MediaWorld,Android,Huawei,Mate Xs Blue,2184.0,2599.0,8,512.0,Dual SIM,Si,Si,Blue,OLED,8,No,4500.0,161.29999999999995,146.2,1.1,300.0,9,415.0,1,16.0,2
2020-08-13 13:06:24.345981,2020-08-13,1,MediaWorld,Android,Oppo,Find X2 Neo,662.0,699.0,12,256.0,Mono SIM,Si,Si,Blue,AMOLED,"6,5",No,4025.0,159.4,72.4,0.7,171.0,6,37.0,1,5.0,1
2020-08-13 13:06:52.223099,2020-08-13,1,MediaWorld,Android,LG,K50S,149.99,199.99,3,32.0,Dual SIM,Si,Si,Black,LCD,"6,5",No,4000.0,165.79999999999995,77.5,0.82,194.0,1,50.0,1,25.0,3
2020-08-13 13:07:22.985942,2020-08-13,1,MediaWorld,Android,Motorola,razr,1299.0,1599.0,6,128.0,Mono SIM,Si,Si,Black,P-OLED,"6,2",No,2510.0,172.0,72.0,0.69,205.0,9,300.0,1,19.0,2
2020-08-13 13:07:52.285067,2020-08-13,1,MediaWorld,Android,Motorola,G8 power lite,159.99,189.99,4,64.0,Dual SIM,Si,Si,Blue,LCD,"6,5",No,5000.0,164.89999999999995,75.7,0.92,200.0,1,30.0,1,16.0,2
2020-08-13 13:08:19.879803,2020-08-13,1,MediaWorld,Android,Oppo,A91,279.99,329.0,8,128.0,Dual SIM,Si,Si,Black,AMOLED,"6,4",No,4025.0,160.2,73.3,0.79,172.0,2,49.00999999999999,1,15.0,2
2020-08-13 13:08:42.533014,2020-08-13,1,MediaWorld,iOS,APPLE,iPhone 11 Pro 512GB,1455.0,1589.0,,512.0,Dual SIM,Si,Si,Green,OLED,"5,8",No,,144.0,71.39999999999998,0.81,188.0,9,134.0,1,8.0,1
2020-08-13 13:09:04.925495,2020-08-13,1,MediaWorld,iOS,APPLE,iPhone XR 128GB,729.0,789.0,3,128.0,Mono SIM,Si,Si,Red,LCD,"6,1",N.d,2942.0,150.9,75.7,0.83,194.0,7,60.0,1,8.0,1
2020-08-13 13:09:29.133919,2020-08-13,1,MediaWorld,iOS,APPLE,iPhone 11 256GB,1000.0,1009.0,,256.0,Mono SIM,Si,Si,Black,Retina,"6,1",No,,150.9,75.7,0.83,194.0,9,9.0,1,1.0,1
2020-08-13 13:09:57.755833,2020-08-13,1,MediaWorld,Android,Wiko,Y80,99.99,99.99,2,16.0,Dual SIM,Si,Si,Gold,Standard,"5,99",No,4000.0,160.0,76.5,0.855,185.0,1,0.0,0,0.0,1
2020-08-13 13:10:19.934337,2020-08-13,1,MediaWorld,Android,Huawei,Y6s,139.99,149.99,3,32.0,Dual SIM,Si,Si,Blue,LCD,"6,09",No,3020.0,156.2,73.5,0.8,150.0,1,10.0,1,7.000000000000001,1
2020-08-13 13:10:47.444984,2020-08-13,1,MediaWorld,Android,Samsung,Galaxy S10 Lite,469.0,679.0,8,128.0,Dual SIM,Si,N.d,White,SAMOLED,"6,7",No,4500.0,162.5,75.6,8.1,186.0,4,210.0,1,31.0,4
2020-08-13 13:11:15.470992,2020-08-13,1,MediaWorld,Android,Samsung,Galaxy Note 10+,1129.0,1129.0,12,256.0,Dual SIM,N.d,Si,Aura Glow,Dynamic AMOLED,"6,8",No,4300.0,162.3,77.2,0.79,196.0,9,0.0,0,0.0,1
2020-08-13 13:11:44.824354,2020-08-13,1,MediaWorld,Android,Motorola,edge+,1099.0,1199.0,12,256.0,Mono SIM,Si,Si,Grey,OLED,"6,7",No,5000.0,161.0,71.39999999999998,0.96,203.0,9,100.0,1,8.0,1
2020-08-13 13:12:09.694812,2020-08-13,1,MediaWorld,iOS,APPLE,iPhone 11 256GB,1002.0,1009.0,,256.0,Mono SIM,Si,Si,Purple,Retina,"6,1",No,,150.9,75.7,0.83,194.0,9,7.0,1,1.0,1
2020-08-13 13:12:31.133698,2020-08-13,1,MediaWorld,Android,Oppo,Find X2 Pro,1199.0,1199.0,12,512.0,Mono SIM,Si,Si,Black,OLED,"6,7",No,4260.0,165.2,74.4,0.88,207.0,9,0.0,0,0.0,1
2020-08-13 13:12:52.455999,2020-08-13,1,MediaWorld,iOS,APPLE,iPhone 11 256GB,1009.0,1009.0,,256.0,Mono SIM,Si,Si,White,Retina,"6,1",No,,150.9,75.7,0.83,194.0,9,0.0,0,0.0,1
2020-08-13 13:13:20.802385,2020-08-13,1,MediaWorld,Android,Huawei,P30,439.0,649.0,6,128.0,Dual SIM,Si,N.d,Aurora,OLED,"6,1",No,3650.0,149.1,71.3,0.76,165.0,4,210.0,1,32.0,4
2020-08-13 13:13:44.328196,2020-08-13,1,MediaWorld,Android,Wiko,VIEW 4 LITE,119.99,129.99,2,32.0,Dual SIM,Si,Si,Blue,Standard,"6,52",No,4000.0,167.0,76.8,0.845,174.0,1,10.000000000000014,1,8.0,1
2020-08-13 13:14:15.193536,2020-08-13,1,MediaWorld,Android,Xiaomi,Redmi Note 8 Pro 6+128,229.99,299.99,6,128.0,Dual SIM,Si,N.d,White,LCD,"6,53",No,4500.0,161.29999999999995,76.39999999999998,0.87,,2,70.0,1,23.0,3
2020-08-13 13:14:39.855674,2020-08-13,1,MediaWorld,iOS,APPLE,iPhone SE 256GB,669.0,669.0,,256.0,Mono SIM,Si,Si,Red,Retina,"4,7",No,,67.30000000000001,138.4,0.73,148.0,6,0.0,0,0.0,1
2020-08-13 13:15:04.186009,2020-08-13,1,MediaWorld,Android,Oppo,A72,234.99,279.0,4,128.0,Dual SIM,Si,Si,Black,LCD,"6,5",No,5000.0,162.0,75.5,0.89,192.0,2,44.00999999999999,1,16.0,2
2020-08-13 13:15:27.112882,2020-08-13,1,MediaWorld,Android,Huawei,P30 Pro New Edit Silver,849.0,849.0,8,256.0,Dual SIM,Si,Si,Silver,OLED,"6,47",No,4200.0,158.0,73.4,0.841,192.0,8,0.0,0,0.0,1
2020-08-13 13:15:49.977770,2020-08-13,1,MediaWorld,Android,Huawei,P30 Pro,569.0,799.0,8,128.0,Dual SIM,Si,N.d,Mystic Blue,OLED,"6,47",N.d,4200.0,158.0,73.4,0.84,192.0,5,230.0,1,28.999999999999996,3
2020-08-13 13:16:11.291927,2020-08-13,1,MediaWorld,iOS,APPLE,iPhone 11 Pro Max 512GB,1689.0,1689.0,,512.0,Mono SIM,Si,Si,Gold,OLED,"6,5",No,,158.0,77.8,0.81,226.0,9,0.0,0,0.0,1
2020-08-13 13:16:34.272008,2020-08-13,1,MediaWorld,iOS,APPLE,iPhone 11 Pro 512GB,1589.0,1589.0,,512.0,Mono SIM,Si,Si,Silver,OLED,"5,8",No,,144.0,71.39999999999998,0.81,188.0,9,0.0,0,0.0,1
2020-08-13 13:16:58.514739,2020-08-13,1,MediaWorld,iOS,APPLE,iPhone 11 Pro 512GB,1500.0,1589.0,,512.0,Dual SIM,Si,Si,Grey,OLED,"5,8",No,,144.0,71.39999999999998,0.81,188.0,9,89.0,1,6.0,1
2020-08-13 13:17:24.540355,2020-08-13,1,MediaWorld,iOS,APPLE,iPhone 11 Pro Max 512GB,1689.0,1689.0,,512.0,Mono SIM,Si,Si,Silver,OLED,"6,5",No,,158.0,77.8,0.81,226.0,9,0.0,0,0.0,1
2020-08-13 13:17:48.734900,2020-08-13,1,MediaWorld,Android,Motorola,G8,173.99,229.99,4,64.0,Dual SIM,Si,Si,White,LCD,"6,4",No,4000.0,161.0,75.0,0.95,188.0,1,56.0,1,24.0,3
2020-08-13 13:18:15.775731,2020-08-13,1,MediaWorld,Android,Xiaomi,MI9 lite 128GB,270.0,299.99,6,128.0,Dual SIM,Si,Si,Grey,AMOLED,"6,39",Vodafone,4030.0,,,,,2,29.99000000000001,1,10.0,1
2020-08-13 13:18:44.570343,2020-08-13,1,MediaWorld,iOS,APPLE,iPhone 11 Pro Max 512GB,1596.0,1689.0,,512.0,Dual SIM,Si,Si,Grey,OLED,"6,5",No,,158.0,77.8,0.81,226.0,9,93.0,1,6.0,1
2020-08-13 13:19:13.130179,2020-08-13,1,MediaWorld,Android,Honor,8A,149.99,149.99,2,32.0,Dual SIM,Si,N.d,Black,LCD,"6,4",TIM,3020.0,156.0,73.0,0.8,,1,0.0,0,0.0,1
2020-08-13 13:19:41.873567,2020-08-13,1,MediaWorld,Android,Motorola,G8,173.99,229.99,4,64.0,Dual SIM,Si,Si,Blue,LCD,"6,4",No,4000.0,161.0,75.0,0.95,188.0,1,56.0,1,24.0,3
2020-08-13 13:20:06.567139,2020-08-13,1,MediaWorld,iOS,APPLE,iPhone 11 256GB,996.0,1009.0,,256.0,Mono SIM,Si,Si,Yellow,Retina,"6,1",No,,150.9,75.7,0.83,194.0,9,13.0,1,1.0,1
2020-08-13 13:20:30.742031,2020-08-13,1,MediaWorld,Android,Wiko,VIEW 4 LITE,129.99,129.99,2,32.0,Dual SIM,Si,Si,Green,Standard,"6,52",No,4000.0,167.0,76.8,0.845,174.0,1,0.0,0,0.0,1
2020-08-13 13:21:01.162587,2020-08-13,1,MediaWorld,Android,LG,K20,79.99,99.99,1,16.0,Dual SIM,Si,Si,Black,TFT,"5,45",No,3000.0,148.6,71.9,0.83,153.0,1,20.0,1,20.0,2
2020-08-13 13:21:32.716744,2020-08-13,1,MediaWorld,Android,Xiaomi,MI9 lite 128GB,269.99,299.99,6,128.0,Dual SIM,Si,Si,Blue,AMOLED,"6,39",Vodafone,4030.0,,,,,2,30.0,1,10.0,1
2020-08-13 13:21:58.695013,2020-08-13,1,MediaWorld,Android,Xiaomi,Redmi 8 black,129.99,169.0,4,64.0,Dual SIM,Si,No,Black,LCD,"6,2",WindTre,5000.0,156.5,75.4,0.94,191.0,1,39.00999999999999,1,23.0,3
2020-08-13 13:22:23.527542,2020-08-13,1,MediaWorld,iOS,APPLE,iPhone 11 128GB,800.1,889.0,,128.0,Mono SIM,Si,Si,White,Retina,"6,1",No,,150.9,75.7,0.83,194.0,8,88.89999999999998,1,10.0,1
2020-08-13 13:22:50.310638,2020-08-13,1,MediaWorld,Android,Xiaomi,Mi Note 10,379.0,599.0,6,128.0,Dual SIM,Si,Si,Midnight Black,AMOLED,"6,47",No,5260.0,157.79999999999995,74.2,0.96,208.0,3,220.0,1,37.0,4
2020-08-13 13:23:18.432115,2020-08-13,1,MediaWorld,Android,Xiaomi,MI NOTE 10 LITE,279.3,399.0,6,128.0,Dual SIM,Si,N.d,White,AMOLED,"6,47",Vodafone,5260.0,157.79999999999995,74.2,0.9670000000000001,204.0,2,119.69999999999999,1,30.0,3
2020-08-13 13:23:39.281581,2020-08-13,1,MediaWorld,iOS,APPLE,iPhone 11 Pro 256GB,1155.15,1359.0,,256.0,Mono SIM,Si,Si,Grey,OLED,"5,8",No,,144.0,71.39999999999998,0.81,188.0,9,203.8499999999999,1,15.0,2
2020-08-13 13:24:03.094819,2020-08-13,1,MediaWorld,Android,Samsung,Galaxy A20e,139.99,179.99,3,32.0,Dual SIM,Si,Si,Blue,TFT,"5,8",N.d,3000.0,147.4,69.7,0.84,140.0,1,40.0,1,22.0,3
2020-08-13 13:24:26.206804,2020-08-13,1,MediaWorld,Android,Xiaomi,Redmi Note 8 T Grey,169.99,189.0,4,64.0,Dual SIM,Si,Si,Moonshadow Grey,LCD,"6,3",No,4000.0,,,,,1,19.00999999999999,1,10.0,1
2020-08-13 13:24:54.283192,2020-08-13,1,MediaWorld,Android,Samsung,Galaxy A30s,199.99,199.99,4,64.0,Dual SIM,Si,Si,Black,SAMOLED,"6,4",N.d,4000.0,158.5,74.7,0.78,169.0,1,0.0,0,0.0,1
2020-08-13 13:25:18.873918,2020-08-13,1,MediaWorld,iOS,APPLE,iPhone 11 64GB,779.0,839.0,,64.0,Mono SIM,Si,Si,Red,Retina,"6,1",No,,150.9,75.7,0.83,194.0,7,60.0,1,7.000000000000001,1
2020-08-13 13:25:41.179540,2020-08-13,1,MediaWorld,Android,Xiaomi,Redmi Note 8 T Blue,169.99,189.0,4,64.0,Dual SIM,Si,Si,Starscape Blue,LCD,"6,3",No,4000.0,,,,,1,19.00999999999999,1,10.0,1
2020-08-13 13:26:02.651964,2020-08-13,1,MediaWorld,Android,Samsung,Galaxy A51,269.25,359.0,4,128.0,Dual SIM,Si,Si,Blue,SAMOLED,"6,5",No,4000.0,158.5,73.60000000000002,0.79,172.0,2,89.75,1,25.0,3
2020-08-13 13:26:28.865332,2020-08-13,1,MediaWorld,Android,Samsung,GALAXY A30S BLACK 128 GB,179.0,189.99,4,128.0,Dual SIM,Si,Si,Black,SAMOLED,"6,4",No,4000.0,158.5,74.7,0.78,169.0,1,10.990000000000009,1,6.0,1
2020-08-13 13:26:56.285990,2020-08-13,1,MediaWorld,Android,Huawei,P30 Lite New Edit Blue,279.99,289.99,6,256.0,Dual SIM,Si,Si,Blue,LCD,"6,15",No,3340.0,152.89999999999995,72.69999999999997,0.74,159.0,2,10.0,1,3.0,1
2020-08-13 13:27:20.200185,2020-08-13,1,MediaWorld,Android,Xiaomi,Redmi Note 9 Pro 6+128,253.99,299.99,6,128.0,Dual SIM,Si,Si,Grey,N.d,"6,67",No,5020.0,165.7,76.6,0.88,209.0,2,46.0,1,15.0,2
2020-08-13 13:27:49.511316,2020-08-13,1,MediaWorld,Android,Samsung,Galaxy Note20 Ultra 5G,1279.0,1329.0,12,256.0,Mono SIM,Si,Si,Bronze,Dynamic AMOLED,"6,9",No,4500.0,164.8,77.2,0.81,208.0,9,50.0,1,4.0,1
2020-08-13 13:28:10.897461,2020-08-13,1,MediaWorld,iOS,APPLE,iPhone XR 64GB,628.15,739.0,3,64.0,Mono SIM,Si,Si,White,LCD,"6,1",N.d,2942.0,150.9,75.7,0.83,194.0,6,110.85000000000002,1,15.0,2
2020-08-13 13:28:32.656506,2020-08-13,1,MediaWorld,Android,Samsung,GALAXY A30S GREEN 128 GB,179.0,189.99,4,128.0,Dual SIM,Si,Si,Green,SAMOLED,"6,4",No,4000.0,158.5,74.7,0.78,169.0,1,10.990000000000009,1,6.0,1
2020-08-13 13:28:59.358682,2020-08-13,1,MediaWorld,iOS,APPLE,iPhone SE 64GB,479.0,499.0,,64.0,Mono SIM,Si,Si,White,Retina,"4,7",No,,67.30000000000001,138.4,0.73,148.0,4,20.0,1,4.0,1
2020-08-13 13:29:22.503365,2020-08-13,1,MediaWorld,Android,Samsung,Galaxy Note10 Lite,479.0,629.0,6,128.0,Dual SIM,Si,N.d,Aura Glow,SAMOLED,"6,7",No,4500.0,163.70000000000005,76.10000000000002,8.7,199.0,4,150.0,1,24.0,3
2020-08-13 13:29:49.431650,2020-08-13,1,MediaWorld,Android,Samsung,NOTE 10 LITE,399.0,629.0,6,128.0,Dual SIM,Si,N.d,White,SAMOLED,"6,7",TIM,4500.0,163.70000000000005,76.10000000000002,8.7,199.0,3,230.0,1,37.0,4
2020-08-13 13:30:15.400320,2020-08-13,1,MediaWorld,iOS,APPLE,iPhone SE 64GB,479.0,499.0,,64.0,Mono SIM,Si,Si,Red,Retina,"4,7",No,,67.30000000000001,138.4,0.73,148.0,4,20.0,1,4.0,1
2020-08-13 13:30:42.223445,2020-08-13,1,MediaWorld,Android,Samsung,Galaxy S20+ 4G,779.0,999.0,8,128.0,Mono SIM,Si,Si,Black,Dynamic AMOLED,"6,7",No,4500.0,161.9,73.7,0.78,186.0,7,220.0,1,22.0,3
2020-08-13 13:31:04.722351,2020-08-13,1,MediaWorld,Android,Huawei,P40 Lite Black,242.1,269.0,6,128.0,Dual SIM,Si,Si,Black,LCD,"6,4",No,4200.0,159.2,76.3,0.87,183.0,2,26.900000000000006,1,10.0,1
2020-08-13 13:31:30.116282,2020-08-13,1,MediaWorld,Android,Samsung,GALAXY A30S WHITE 128 GB,179.0,189.99,4,128.0,Dual SIM,Si,Si,White,SAMOLED,"6,4",No,4000.0,158.5,74.7,0.78,169.0,1,10.990000000000009,1,6.0,1
2020-08-13 13:31:52.435204,2020-08-13,1,MediaWorld,iOS,APPLE,iPhone XS 256GB,914.0,914.0,4,256.0,Mono SIM,Si,Si,Silver/Black,OLED,"5,8",N.d,2658.0,143.6,70.9,0.77,177.0,9,0.0,0,0.0,1
2020-08-13 13:32:20.380945,2020-08-13,1,MediaWorld,Android,Samsung,Galaxy Note20 Ultra 5G,1279.0,1329.0,12,256.0,Mono SIM,Si,Si,Black,Dynamic AMOLED,"6,9",No,4500.0,164.8,77.2,0.81,208.0,9,50.0,1,4.0,1
2020-08-13 13:32:48.102759,2020-08-13,1,MediaWorld,iOS,APPLE,iPhone XR 64GB,628.15,739.0,3,64.0,Mono SIM,Si,Si,Blue,LCD,"6,1",N.d,2942.0,150.9,75.7,0.83,194.0,6,110.85000000000002,1,15.0,2
2020-08-13 13:33:17.371999,2020-08-13,1,MediaWorld,Android,Samsung,GALAXY S10 LITE 128GB,592.0,679.0,8,128.0,Dual SIM,Si,N.d,White,SAMOLED,"6,7",TIM,4500.0,162.5,75.6,8.1,186.0,5,87.0,1,13.0,2
2020-08-13 13:33:45.564096,2020-08-13,1,MediaWorld,Android,Samsung,Galaxy A21s,179.99,209.99,3,32.0,Dual SIM,Si,Si,Black,TFT,"6,5",No,5000.0,163.70000000000005,75.3,0.89,192.0,1,30.0,1,14.000000000000002,2
2020-08-13 13:34:09.633594,2020-08-13,1,MediaWorld,Android,Samsung,Galaxy S10,579.0,779.0,8,128.0,Dual SIM,Si,Si,Black,Dynamic AMOLED,"6,1",No,3400.0,149.9,70.4,0.78,157.0,5,200.0,1,26.0,3
2020-08-13 13:34:35.584907,2020-08-13,1,MediaWorld,Android,Huawei,Y5p Black,89.99,109.99,2,32.0,Dual SIM,Si,Si,Black,LCD,"5,45",No,3020.0,146.5,79.4,0.835,144.0,1,20.0,1,18.0,2
2020-08-13 13:35:02.369580,2020-08-13,1,MediaWorld,Android,Samsung,Galaxy Note10 Lite,479.0,629.0,6,128.0,Dual SIM,Si,N.d,Aura Black,SAMOLED,"6,7",No,4500.0,163.70000000000005,76.10000000000002,8.7,199.0,4,150.0,1,24.0,3
2020-08-13 13:35:24.565284,2020-08-13,1,MediaWorld,Android,Motorola,G Pro,249.99,349.0,4,128.0,Dual SIM,Si,Si,Blue,LCD,"6,4",No,4000.0,155.0,75.8,0.92,192.0,2,99.00999999999999,1,28.000000000000004,3
2020-08-13 13:35:49.543089,2020-08-13,1,MediaWorld,Android,Samsung,Galaxy Note 10,659.0,999.0,8,256.0,Dual SIM,Si,Si,Aura Black,Dynamic AMOLED,"6,3",No,3500.0,151.0,71.8,0.79,168.0,6,340.0,1,34.0,4
2020-08-13 13:36:18.654277,2020-08-13,1,MediaWorld,Android,Xiaomi,Redmi Note 9 4+128 Green,194.65,229.0,4,128.0,Dual SIM,Si,Si,Green,N.d,"6,53",No,5020.0,162.3,77.2,0.89,199.0,1,34.349999999999994,1,15.0,2
2020-08-13 13:36:41.022857,2020-08-13,1,MediaWorld,Android,Xiaomi,Redmi Note 9 4+128 White,194.65,229.0,4,128.0,Dual SIM,Si,Si,White,N.d,"6,53",No,5020.0,162.3,77.2,0.89,199.0,1,34.349999999999994,1,15.0,2
2020-08-13 13:37:08.034548,2020-08-13,1,MediaWorld,Android,Samsung,Galaxy Note 10,659.0,999.0,8,256.0,Dual SIM,Si,Si,Aura Glow,Dynamic AMOLED,"6,3",No,3500.0,151.0,71.8,0.79,168.0,6,340.0,1,34.0,4
2020-08-13 13:37:33.500618,2020-08-13,1,MediaWorld,Android,Huawei,P40 Lite Green,242.1,269.0,6,128.0,Dual SIM,Si,Si,Green,LCD,"6,4",No,4200.0,159.2,76.3,0.87,183.0,2,26.900000000000006,1,10.0,1
2020-08-13 13:37:58.952290,2020-08-13,1,MediaWorld,Android,Huawei,Y5p Blue,99.99,109.99,2,32.0,Dual SIM,Si,Si,Blue,LCD,"5,45",No,3020.0,146.5,79.4,0.835,144.0,1,10.0,1,9.0,1
2020-08-13 13:38:25.461665,2020-08-13,1,MediaWorld,iOS,APPLE,iPhone 11 64GB,779.0,839.0,,64.0,Mono SIM,Si,Si,Yellow,Retina,"6,1",No,,150.9,75.7,0.83,194.0,7,60.0,1,7.000000000000001,1
2020-08-13 13:38:53.648831,2020-08-13,1,MediaWorld,Android,Huawei,P30 LITE,194.35,299.0,4,128.0,Dual SIM,Si,Si,Black,LCD,"6,15",N.d,3340.0,152.89999999999995,72.69999999999997,0.74,159.0,1,104.65,1,35.0,4
2020-08-13 13:39:23.518991,2020-08-13,1,MediaWorld,Android,Samsung,Galaxy S20+ 4G,779.0,999.0,8,128.0,Mono SIM,Si,Si,Blue,Dynamic AMOLED,"6,7",No,4500.0,161.9,73.7,0.78,186.0,7,220.0,1,22.0,3
2020-08-13 13:39:50.799570,2020-08-13,1,MediaWorld,Android,Samsung,Galaxy S20 Ultra 5G,1299.0,1379.0,12,128.0,Mono SIM,Si,Si,Black,Dynamic AMOLED,"6,9",No,5000.0,1669.0,76.0,0.88,220.0,9,80.0,1,6.0,1
2020-08-13 13:40:19.425010,2020-08-13,1,MediaWorld,Android,Samsung,Galaxy A41,239.99,299.99,4,64.0,Dual SIM,Si,Si,White,SAMOLED,"6,1",No,3500.0,149.9,69.80000000000001,0.79,152.0,2,60.0,1,20.0,2
2020-08-13 13:40:45.064173,2020-08-13,1,MediaWorld,Android,Xiaomi,XIAOMI REDMI 8 OC,129.99,169.99,4,64.0,Dual SIM,Si,No,Sapphire Blue,LCD,"6,2",WindTre,5000.0,156.5,75.4,0.94,191.0,1,40.0,1,24.0,3
2020-08-13 13:41:14.532877,2020-08-13,1,MediaWorld,iOS,APPLE,iPhone XR 128GB,729.0,789.0,3,128.0,Mono SIM,Si,Si,Black,LCD,"6,1",N.d,2942.0,150.9,75.7,0.83,194.0,7,60.0,1,8.0,1
2020-08-13 13:41:44.524415,2020-08-13,1,MediaWorld,Android,Samsung,Galaxy A41,239.99,299.99,4,64.0,Dual SIM,Si,Si,Blue,SAMOLED,"6,1",No,3500.0,149.9,69.80000000000001,0.79,152.0,2,60.0,1,20.0,2
2020-08-13 13:42:16.593564,2020-08-13,1,MediaWorld,Android,Samsung,Galaxy A20s,149.99,179.99,3,32.0,Dual SIM,Si,N.d,Black,TFT,"6,5",No,4000.0,163.29999999999995,77.5,0.8,183.0,1,30.0,1,17.0,2
2020-08-13 13:42:42.011843,2020-08-13,1,MediaWorld,Android,Huawei,p smart 2019,149.25,199.0,3,64.0,Dual SIM,Si,Si,Blue,LCD,"6,21",N.d,3400.0,155.2,73.4,0.79,160.0,1,49.75,1,25.0,3
2020-08-13 13:43:10.887186,2020-08-13,1,MediaWorld,Android,Samsung,Galaxy S20 5G,999.0,1029.0,12,128.0,Mono SIM,Si,Si,Grey,Dynamic AMOLED,"6,2",No,4000.0,151.7,69.1,0.79,163.0,9,30.0,1,3.0,1
2020-08-13 13:43:40.033997,2020-08-13,1,MediaWorld,Android,Xiaomi,Redmi Note 9 4+128 Grey,194.65,229.0,4,128.0,Dual SIM,Si,Si,Grey,N.d,"6,53",No,5020.0,162.3,77.2,0.89,199.0,1,34.349999999999994,1,15.0,2
2020-08-13 13:44:10.201566,2020-08-13,1,MediaWorld,Android,Samsung,Galaxy S10+,679.0,879.0,8,128.0,Dual SIM,Si,Si,Ceramic White,Dynamic AMOLED,"6,4",No,4100.0,157.6,74.1,0.78,175.0,6,200.0,1,23.0,3
2020-08-13 13:44:41.167426,2020-08-13,1,MediaWorld,Android,Oppo,A9 2020,189.99,229.0,4,128.0,Dual SIM,Si,Si,Green,LCD,"6,5",No,5000.0,163.6,75.6,0.91,195.0,1,39.00999999999999,1,17.0,2
2020-08-13 13:45:03.464475,2020-08-13,1,MediaWorld,Android,Motorola,Moto G8 power,201.99,249.99,4,64.0,Dual SIM,Si,Si,Black,LCD,"6,4",No,5000.0,155.0,75.0,0.96,197.0,2,48.0,1,19.0,2
2020-08-13 13:45:27.508487,2020-08-13,1,MediaWorld,Android,Wiko,Y80,89.99,99.99,2,16.0,Dual SIM,Si,Si,Blue,Standard,"5,99",No,4000.0,160.0,76.5,0.855,185.0,1,10.0,1,10.0,1
2020-08-13 13:45:49.072096,2020-08-13,1,MediaWorld,Android,Huawei,P40 Lite 5G Black,329.0,399.0,6,128.0,Dual SIM,Si,Si,Black,N.d,"6,5",No,4000.0,162.3,75.0,0.858,189.0,3,70.0,1,18.0,2
2020-08-13 13:46:12.395166,2020-08-13,1,MediaWorld,Android,Samsung,Galaxy S10 Lite,469.0,679.0,8,128.0,Dual SIM,Si,N.d,Black,SAMOLED,"6,7",No,4500.0,162.5,75.6,8.1,186.0,4,210.0,1,31.0,4
2020-08-13 13:46:42.925174,2020-08-13,1,MediaWorld,Android,Samsung,Galaxy S20+ 5G,1099.0,1129.0,12,128.0,Mono SIM,Si,Si,Black,Dynamic AMOLED,"6,7",No,4500.0,161.9,73.7,0.78,186.0,9,30.0,1,3.0,1
2020-08-13 13:47:09.287377,2020-08-13,1,MediaWorld,Android,Samsung,Galaxy Note20,929.0,979.0,8,256.0,Mono SIM,Si,Si,Green,SAMOLED,"6,7",No,4300.0,161.6,75.19999999999997,0.83,192.0,9,50.0,1,5.0,1
2020-08-13 13:47:33.732440,2020-08-13,1,MediaWorld,Android,Xiaomi,REDMI 9 PURPLE NO ETIC,169.99,169.99,4,64.0,Dual SIM,Si,No,Purple,LCD,"6,53",WindTre,5020.0,163.0,77.0,0.91,198.0,1,0.0,0,0.0,1
2020-08-13 13:47:58.483147,2020-08-13,1,MediaWorld,Android,Xiaomi,Redmi Note 8 Pro 6+128,229.99,299.99,6,128.0,Dual SIM,Si,N.d,Green,LCD,"6,53",No,4500.0,161.29999999999995,76.39999999999998,0.87,,2,70.0,1,23.0,3
2020-08-13 13:48:26.625661,2020-08-13,1,MediaWorld,Android,Samsung,Galaxy Note20,929.0,979.0,8,256.0,Mono SIM,Si,Si,Bronze,SAMOLED,"6,7",No,4300.0,161.6,75.19999999999997,0.83,192.0,9,50.0,1,5.0,1
2020-08-13 13:48:54.863947,2020-08-13,1,MediaWorld,Android,Samsung,SAMSUNG GALAXY A21s,209.99,209.99,3,32.0,Dual SIM,Si,Si,Black,TFT,"6,5",Vodafone,5000.0,163.70000000000005,75.3,0.89,192.0,2,0.0,0,0.0,1
2020-08-13 13:49:24.696431,2020-08-13,1,MediaWorld,Android,Oppo,Reno 2 Z,239.99,349.0,8,128.0,Dual SIM,Si,Si,Black,AMOLED,"6,5",No,4000.0,161.8,75.8,0.87,195.0,2,109.00999999999999,1,31.0,4
2020-08-13 13:49:54.498806,2020-08-13,1,MediaWorld,Android,Samsung,Galaxy A31,244.99,299.99,4,64.0,Dual SIM,Si,N.d,Black,SAMOLED,"6,4",No,5000.0,159.3,73.1,0.86,185.0,2,55.0,1,18.0,2
2020-08-13 13:50:22.634538,2020-08-13,1,MediaWorld,Android,Samsung,Samsung Galaxy A51 black,269.25,359.0,4,128.0,Dual SIM,Si,Si,Black,SAMOLED,"6,5",WindTre,4000.0,158.5,73.60000000000002,0.79,172.0,2,89.75,1,25.0,3
2020-08-13 13:50:46.105618,2020-08-13,1,MediaWorld,Android,Oppo,A52,169.99,199.99,4,64.0,Dual SIM,Si,Si,Black,LCD,"6,5",N.d,5000.0,162.0,75.5,0.89,192.0,1,30.0,1,15.0,2
2020-08-13 13:51:07.770679,2020-08-13,1,MediaWorld,Android,Huawei,P30 Pro,569.0,799.0,8,128.0,Dual SIM,Si,N.d,Breathing Crystal,OLED,"6,47",No,4200.0,158.0,73.4,0.84,192.0,5,230.0,1,28.999999999999996,3
2020-08-13 13:51:34.605369,2020-08-13,1,MediaWorld,Android,Samsung,Galaxy S20+ 4G,779.0,999.0,8,128.0,Mono SIM,Si,Si,Grey,Dynamic AMOLED,"6,7",No,4500.0,161.9,73.7,0.78,186.0,7,220.0,1,22.0,3
2020-08-13 13:52:03.619614,2020-08-13,1,MediaWorld,Android,Huawei,P30,439.0,649.0,6,128.0,Dual SIM,Si,N.d,Breathing Crystal,OLED,"6,1",No,3650.0,149.1,71.3,0.76,165.0,4,210.0,1,32.0,4
2020-08-13 13:52:31.914907,2020-08-13,1,MediaWorld,Android,Wiko,VIEW 4,131.99,159.99,3,64.0,Dual SIM,Si,Si,Blue,Standard,"6,52",No,5000.0,165.7,75.8,0.885,180.0,1,28.0,1,18.0,2
2020-08-13 13:53:02.122556,2020-08-13,1,MediaWorld,Android,Huawei,P40 Pro Black,1049.0,1049.9,8,256.0,Dual SIM,Si,Si,Black,OLED,"6,58",No,4200.0,158.2,72.6,0.89,209.0,9,0.900000000000091,1,0.0,1
2020-08-13 13:53:28.794509,2020-08-13,1,MediaWorld,Android,Samsung,Galaxy Note20,929.0,979.0,8,256.0,Mono SIM,Si,Si,Grey,SAMOLED,"6,7",No,4300.0,161.6,75.19999999999997,0.83,192.0,9,50.0,1,5.0,1
2020-08-13 13:53:53.070845,2020-08-13,1,MediaWorld,Android,Oppo,A52,169.99,199.99,4,64.0,Dual SIM,Si,Si,White,LCD,"6,5",N.d,5000.0,162.0,75.5,0.89,192.0,1,30.0,1,15.0,2
2020-08-13 13:54:18.676103,2020-08-13,1,MediaWorld,Android,Wiko,Y50,55.99,69.99,1,16.0,Dual SIM,Si,Si,Blue,N.d,5,No,2200.0,146.0,73.5,0.87,160.0,1,13.999999999999993,1,20.0,2
2020-08-13 13:54:45.248298,2020-08-13,1,MediaWorld,Android,Samsung,Galaxy Note20 5G,1029.0,1079.0,8,256.0,Mono SIM,Si,Si,Grey,SAMOLED,"6,7",No,4300.0,161.6,75.19999999999997,0.83,192.0,9,50.0,1,5.0,1
2020-08-13 13:55:09.252224,2020-08-13,1,MediaWorld,iOS,APPLE,iPhone XR 64GB,628.15,739.0,3,64.0,Mono SIM,Si,Si,Black,LCD,"6,1",N.d,2942.0,150.9,75.7,0.83,194.0,6,110.85000000000002,1,15.0,2
2020-08-13 13:55:37.487025,2020-08-13,1,MediaWorld,Android,Samsung,Galaxy S10,579.0,779.0,8,128.0,Dual SIM,Si,Si,Green,Dynamic AMOLED,"6,1",No,3400.0,149.9,70.4,0.78,157.0,5,200.0,1,26.0,3
2020-08-13 13:56:06.800066,2020-08-13,1,MediaWorld,Android,Samsung,Galaxy A31,244.99,299.99,4,64.0,Dual SIM,Si,N.d,Blue,SAMOLED,"6,4",No,5000.0,159.3,73.1,0.86,185.0,2,55.0,1,18.0,2
2020-08-13 13:56:35.638660,2020-08-13,1,MediaWorld,Android,Huawei,Y6s,139.99,149.99,3,32.0,Dual SIM,Si,Si,Black,LCD,"6,09",No,3020.0,156.2,73.5,0.8,150.0,1,10.0,1,7.000000000000001,1
2020-08-13 13:57:00.865959,2020-08-13,1,MediaWorld,Android,Huawei,P30,439.0,649.0,6,128.0,Dual SIM,Si,N.d,Black,OLED,"6,1",No,3650.0,149.1,71.3,0.76,165.0,4,210.0,1,32.0,4
2020-08-13 13:57:27.919530,2020-08-13,1,MediaWorld,Android,Samsung,Galaxy Note20 5G,1059.0,1079.0,8,256.0,Mono SIM,Si,Si,Bronze,SAMOLED,"6,7",No,4300.0,161.6,75.19999999999997,0.83,192.0,9,20.0,1,2.0,1
2020-08-13 13:57:50.174456,2020-08-13,1,MediaWorld,Android,Huawei,P Smart S Black,199.99,259.99,4,128.0,Dual SIM,Si,Si,Black,OLED,"6,3",No,4000.0,157.4,73.2,0.775,163.0,1,60.0,1,23.0,3
2020-08-13 13:58:20.041811,2020-08-13,1,MediaWorld,iOS,APPLE,iPhone 11 Pro Max 512GB,1468.0,1689.0,,512.0,Mono SIM,Si,Si,Green,OLED,"6,5",No,,158.0,77.8,0.81,226.0,9,221.0,1,13.0,2
2020-08-13 13:58:42.962200,2020-08-13,1,MediaWorld,Android,Huawei,P30 Pro,573.0,799.0,8,128.0,Dual SIM,Si,N.d,Black,OLED,"6,47",No,4200.0,158.0,73.4,0.84,192.0,5,226.0,1,28.000000000000004,3
2020-08-13 13:59:13.003564,2020-08-13,1,MediaWorld,iOS,APPLE,iPhone 11 256GB,1009.0,1009.0,,256.0,Mono SIM,Si,Si,Red,Retina,"6,1",No,,150.9,75.7,0.83,194.0,9,0.0,0,0.0,1
2020-08-13 13:59:41.309404,2020-08-13,1,MediaWorld,Android,Oppo,Find X2 Lite,449.0,499.0,8,128.0,Mono SIM,Si,Si,Black,AMOLED,"6,4",No,4025.0,160.3,74.3,0.7959999999999999,180.0,4,50.0,1,10.0,1
2020-08-13 14:00:07.664818,2020-08-13,1,MediaWorld,Android,Samsung,Galaxy S10+,679.0,879.0,8,128.0,Dual SIM,Si,Si,Ceramic Black,Dynamic AMOLED,"6,4",No,4100.0,157.6,74.1,0.78,175.0,6,200.0,1,23.0,3
2020-08-13 14:00:39.544784,2020-08-13,1,MediaWorld,Android,Huawei,Y6p Green,135.15,159.0,3,64.0,Dual SIM,Si,Si,Green,LCD,"6,3",No,5000.0,159.0,74.6,0.9,185.0,1,23.849999999999994,1,15.0,2
2020-08-13 14:01:05.582503,2020-08-13,1,MediaWorld,Android,Huawei,P Smart S Crystal,199.99,259.99,4,128.0,Dual SIM,Si,Si,Breathing Crystal,OLED,"6,3",No,4000.0,157.4,73.2,0.775,163.0,1,60.0,1,23.0,3
2020-08-13 14:01:30.071893,2020-08-13,1,MediaWorld,Android,Samsung,Galaxy S10,579.0,779.0,8,128.0,Dual SIM,Si,Si,White,Dynamic AMOLED,"6,1",No,3400.0,149.9,70.4,0.78,157.0,5,200.0,1,26.0,3
2020-08-13 14:01:53.528983,2020-08-13,1,MediaWorld,Android,Xiaomi,Mi Note 10,399.0,599.0,6,128.0,Dual SIM,Si,Si,Green,AMOLED,"6,47",No,5260.0,157.79999999999995,74.2,0.96,208.0,3,200.0,1,33.0,4
2020-08-13 14:02:21.992189,2020-08-13,1,MediaWorld,Android,Motorola,MOTO E6 PLUS BLACK,129.99,169.99,4,64.0,Dual SIM,Si,Si,Grey,LCD,"6,1",No,3000.0,155.6,73.1,0.86,155.0,1,40.0,1,24.0,3
2020-08-13 14:02:45.099152,2020-08-13,1,MediaWorld,Android,Oppo,A72,236.99,279.0,4,128.0,Dual SIM,Si,Si,Purple,LCD,"6,5",No,5000.0,162.0,75.5,0.89,192.0,2,42.00999999999999,1,15.0,2
2020-08-13 14:03:13.811370,2020-08-13,1,MediaWorld,Android,Oppo,RENO Z,199.99,319.0,4,128.0,Dual SIM,Si,Si,Aurora,AMOLED,"6,4",No,4035.0,157.3,74.9,0.91,186.0,1,119.00999999999999,1,37.0,4
2020-08-13 14:03:39.641198,2020-08-13,1,MediaWorld,Android,Xiaomi,Redmi Note 8 T White,169.99,189.0,4,64.0,Dual SIM,Si,Si,Moonlight White,LCD,"6,3",No,4000.0,,,,,1,19.00999999999999,1,10.0,1
2020-08-13 14:04:02.509537,2020-08-13,1,MediaWorld,Android,Samsung,Galaxy S10 Lite,469.0,679.0,8,128.0,Dual SIM,Si,N.d,Blue,SAMOLED,"6,7",No,4500.0,162.5,75.6,8.1,186.0,4,210.0,1,31.0,4
2020-08-13 14:04:29.405376,2020-08-13,1,MediaWorld,Android,Xiaomi,Mi Note 10,399.0,599.0,6,128.0,Dual SIM,Si,Si,White,AMOLED,"6,47",No,5260.0,157.79999999999995,74.2,0.96,208.0,3,200.0,1,33.0,4
2020-08-13 14:04:52.021945,2020-08-13,1,MediaWorld,Android,Huawei,P40 Pro+ 5G Black,1399.0,1399.0,8,512.0,Dual SIM,Si,Si,Black,OLED,"6,58",No,4200.0,158.2,72.6,0.9,226.0,9,0.0,0,0.0,1
2020-08-13 14:05:17.362405,2020-08-13,1,MediaWorld,Android,Oppo,Reno 2,349.0,449.0,8,256.0,Dual SIM,Si,Si,Blue,AMOLED,"6,5",No,4000.0,160.0,74.3,0.95,189.0,3,100.0,1,22.0,3
2020-08-13 14:05:44.005641,2020-08-13,1,MediaWorld,Android,Motorola,E6 Play,99.99,119.0,2,32.0,Dual SIM,Si,Si,Black,LCD,"5,45",No,3000.0,146.5,70.9,0.83,145.0,1,19.010000000000005,1,16.0,2
2020-08-13 14:06:10.551349,2020-08-13,1,MediaWorld,Android,Wiko,VIEW 4,145.99,159.99,3,64.0,Dual SIM,Si,Si,Green,Standard,"6,52",No,5000.0,165.7,75.8,0.885,180.0,1,14.0,1,9.0,1
2020-08-13 14:06:41.552702,2020-08-13,1,MediaWorld,Android,Huawei,Y6p Black,135.15,159.0,3,64.0,Dual SIM,Si,Si,Black,LCD,"6,3",No,5000.0,159.0,74.6,0.9,185.0,1,23.849999999999994,1,15.0,2
2020-08-13 14:07:08.359454,2020-08-13,1,MediaWorld,Android,Huawei,P Smart 2020 Green,179.99,199.99,4,128.0,Dual SIM,Si,Si,Green,LCD,"6,21",No,3400.0,155.29999999999995,73.5,0.82,163.0,1,20.0,1,10.0,1
2020-08-13 14:07:32.202987,2020-08-13,1,MediaWorld,Android,Wiko,Y61,89.99,89.99,1,16.0,Dual SIM,Si,Si,Grey,N.d,"5,99",No,3000.0,161.0,78.0,1.4,190.0,1,0.0,0,0.0,1
2020-08-13 14:07:58.073535,2020-08-13,1,MediaWorld,iOS,APPLE,iPhone XR 64GB,628.15,739.0,3,64.0,Mono SIM,Si,Si,Red,LCD,"6,1",N.d,2942.0,150.9,75.7,0.83,194.0,6,110.85000000000002,1,15.0,2
2020-08-13 14:08:26.110549,2020-08-13,1,MediaWorld,Android,Huawei,Nova 5T,299.99,429.0,6,128.0,Dual SIM,Si,Si,Crush Blue,LCD,"6,26",No,3750.0,154.25,73.97,0.787,174.0,2,129.01,1,30.0,3
2020-08-13 14:08:51.560277,2020-08-13,1,MediaWorld,Android,Motorola,E6 Play,99.99,119.0,2,32.0,Dual SIM,Si,Si,Blue,LCD,"5,45",No,3000.0,146.5,70.9,0.83,145.0,1,19.010000000000005,1,16.0,2
2020-08-13 14:09:20.842630,2020-08-13,1,MediaWorld,Android,Huawei,Mate 30 Pro Silver,679.0,1099.0,8,256.0,Dual SIM,Si,Si,Silver,OLED,"6,53",N.d,4500.0,158.1,73.1,0.88,198.0,6,420.0,1,38.0,4
2020-08-13 14:09:43.526845,2020-08-13,1,MediaWorld,Android,Huawei,P Smart 2020 Black,179.99,199.99,4,128.0,Dual SIM,Si,Si,Black,LCD,"6,21",No,3400.0,155.29999999999995,73.5,0.82,163.0,1,20.0,1,10.0,1
2020-08-13 14:10:07.973383,2020-08-13,1,MediaWorld,Android,Wiko,Y61,89.99,89.99,1,16.0,Dual SIM,Si,Si,Grey,N.d,"5,99",No,3000.0,161.0,78.0,1.4,190.0,1,0.0,0,0.0,1
2020-08-13 14:10:33.227881,2020-08-13,1,MediaWorld,Android,Huawei,P30 Pro New Edit Black,849.0,849.0,8,256.0,Dual SIM,Si,Si,Black,OLED,"6,47",No,4200.0,158.0,73.4,0.841,192.0,8,0.0,0,0.0,1
2020-08-13 14:11:00.981493,2020-08-13,1,MediaWorld,Android,Samsung,Galaxy Note20 5G,1059.0,1079.0,8,256.0,Mono SIM,Si,Si,Green,SAMOLED,"6,7",No,4300.0,161.6,75.19999999999997,0.83,192.0,9,20.0,1,2.0,1
2020-08-13 14:11:25.129612,2020-08-13,1,MediaWorld,Android,Huawei,mate 20 lite,349.0,349.0,4,64.0,Dual SIM,Si,Si,Black,LCD,"6,3",N.d,3750.0,158.3,75.3,0.76,172.0,3,0.0,0,0.0,1
2020-08-13 14:11:56.648366,2020-08-13,1,MediaWorld,Android,LG,K40S,119.99,149.99,2,32.0,Dual SIM,Si,Si,Black,LCD,"6,1",No,3500.0,156.3,73.89999999999998,0.86,173.0,1,30.000000000000014,1,20.0,2
2020-08-13 14:12:24.648554,2020-08-13,1,MediaWorld,Android,Huawei,P Smart 2020 Blue,178.99,199.99,4,128.0,Dual SIM,Si,Si,Blue,LCD,"6,21",No,3400.0,155.29999999999995,73.5,0.82,163.0,1,21.0,1,11.0,2
2020-08-13 14:12:50.596999,2020-08-13,1,MediaWorld,iOS,APPLE,iPhone SE 256GB,660.0,669.0,,256.0,Mono SIM,Si,Si,White,Retina,"4,7",No,,67.30000000000001,138.4,0.73,148.0,6,9.0,1,1.0,1
2020-08-13 14:13:19.771606,2020-08-13,1,MediaWorld,Android,Xiaomi,Mi 9 6+128/Piano Black,370.0,529.0,6,128.0,Dual SIM,Si,Si,Black,AMOLED,"6,39",N.d,3300.0,,,,,3,159.0,1,30.0,3
2020-08-13 14:13:47.231765,2020-08-13,1,MediaWorld,Android,Oppo,RENO Z,199.99,319.0,4,128.0,Dual SIM,Si,Si,Black,AMOLED,"6,4",No,4035.0,157.3,74.9,0.91,186.0,1,119.00999999999999,1,37.0,4
2020-08-13 14:14:17.732799,2020-08-13,1,MediaWorld,iOS,APPLE,iPhone 11 256GB,996.0,1009.0,,256.0,Mono SIM,Si,Si,Green,Retina,"6,1",No,,150.9,75.7,0.83,194.0,9,13.0,1,1.0,1
2020-08-13 14:14:41.279147,2020-08-13,1,MediaWorld,Android,SONY,Xperia 5 Black,799.0,799.0,6,128.0,Dual SIM,Si,Si,Black,OLED,"6,1",No,3140.0,158.0,68.0,0.82,164.0,7,0.0,0,0.0,1
2020-08-13 14:15:05.643688,2020-08-13,1,MediaWorld,Android,Huawei,Nova 5T,429.0,429.0,6,128.0,Dual SIM,Si,Si,Black,LCD,"6,26",No,3750.0,154.25,73.97,0.787,174.0,4,0.0,0,0.0,1
2020-08-13 14:15:32.171919,2020-08-13,1,MediaWorld,Android,Motorola,E6 Plus 4/64,129.99,169.99,4,64.0,Dual SIM,Si,Si,Blue,LCD,"6,1",No,3000.0,155.6,73.1,0.86,155.0,1,40.0,1,24.0,3
2020-08-13 14:16:04.659623,2020-08-13,1,MediaWorld,Android,Wiko,Y60,79.99,79.99,1,16.0,Dual SIM,Si,Si,Blue,Standard,"5,45",No,2500.0,146.8,71.8,0.93,177.0,1,0.0,0,0.0,1
2020-08-13 14:16:34.704077,2020-08-13,1,MediaWorld,Android,Samsung,A10,139.99,139.99,2,32.0,Dual SIM,N.d,N.d,Black,TFT,"6,2",TIM,3400.0,155.6,75.6,0.81,168.0,1,0.0,0,0.0,1
2020-08-13 14:17:05.222890,2020-08-13,1,MediaWorld,Android,Xiaomi,Mi 10 Lite 5G 6+128 Grey,369.0,399.0,6,128.0,Dual SIM,Si,Si,Grey,AMOLED,"6,57",No,4160.0,137.10000000000002,74.7,0.79,192.0,3,30.0,1,8.0,1
2020-08-13 14:17:31.260108,2020-08-13,1,MediaWorld,Android,ALCATEL,ALCATEL 1,59.99,79.99,1,8.0,Dual SIM,Si,Si,Black,LCD,5,No,2000.0,137.6,65.7,0.98,134.0,1,19.999999999999993,1,25.0,3
2020-08-13 14:17:55.089627,2020-08-13,1,MediaWorld,Android,ALCATEL,ALCATEL 1,59.99,79.99,1,8.0,Dual SIM,Si,Si,Blue,LCD,5,No,2000.0,137.6,65.7,0.98,134.0,1,19.999999999999993,1,25.0,3
2020-08-13 14:18:23.513116,2020-08-13,1,MediaWorld,iOS,APPLE,iPhone XR 128GB Yellow,629.0,789.0,3,128.0,Mono SIM,Si,Si,Yellow,LCD,"6,1",N.d,2942.0,150.9,75.7,0.83,194.0,6,160.0,1,20.0,2
2020-08-13 14:18:45.863804,2020-08-13,1,MediaWorld,iOS,APPLE,iPhone XR 256GB,699.0,909.0,3,256.0,Mono SIM,Si,Si,Red,LCD,"6,1",N.d,2942.0,150.9,75.7,0.83,194.0,6,210.0,1,23.0,3
2020-08-13 14:19:11.358891,2020-08-13,1,MediaWorld,iOS,APPLE,iPhone XR 128GB Coral,729.0,789.0,3,128.0,Mono SIM,Si,Si,Coral,LCD,"6,1",N.d,2942.0,150.9,75.7,0.83,194.0,7,60.0,1,8.0,1
2020-08-13 14:19:36.946303,2020-08-13,1,MediaWorld,iOS,APPLE,iPhone XR 256GB,699.0,909.0,3,256.0,Mono SIM,Si,Si,Black,LCD,"6,1",N.d,2942.0,150.9,75.7,0.83,194.0,6,210.0,1,23.0,3
2020-08-13 14:20:06.027757,2020-08-13,1,MediaWorld,iOS,APPLE,iPhone XR 256GB,699.0,909.0,3,256.0,Mono SIM,Si,Si,Blue,LCD,"6,1",N.d,2942.0,150.9,75.7,0.83,194.0,6,210.0,1,23.0,3
2020-08-13 14:20:30.301702,2020-08-13,1,MediaWorld,iOS,APPLE,iPhone XR 256GB,699.0,909.0,3,256.0,Mono SIM,Si,Si,White,LCD,"6,1",N.d,2942.0,150.9,75.7,0.83,194.0,6,210.0,1,23.0,3
2020-08-13 14:20:55.921904,2020-08-13,1,MediaWorld,iOS,APPLE,iPhone XR 256GB,699.0,909.0,3,256.0,Mono SIM,Si,Si,Yellow,LCD,"6,1",N.d,2942.0,150.9,75.7,0.83,194.0,6,210.0,1,23.0,3
2020-08-13 14:21:23.239297,2020-08-13,1,MediaWorld,iOS,APPLE,iPhone XR 256GB,909.0,909.0,3,256.0,Mono SIM,Si,Si,Coral,LCD,"6,1",N.d,2942.0,150.9,75.7,0.83,194.0,9,0.0,0,0.0,1
2020-08-13 14:21:52.278443,2020-08-13,1,MediaWorld,iOS,APPLE,iPhone Xr 128GB Blue,729.0,789.0,3,128.0,Mono SIM,Si,Si,Blue,LCD,"6,1",N.d,2942.0,150.9,75.7,0.83,194.0,7,60.0,1,8.0,1
2020-08-13 14:22:18.740172,2020-08-13,1,MediaWorld,iOS,APPLE,iPhone XR 64GB,628.15,739.0,3,64.0,Mono SIM,Si,Si,Coral,LCD,"6,1",N.d,2942.0,150.9,75.7,0.83,194.0,6,110.85000000000002,1,15.0,2
2020-08-13 14:22:42.525944,2020-08-13,1,MediaWorld,Android,Samsung,Galaxy S10,649.0,1179.0,8,512.0,Dual SIM,Si,Si,White,Dynamic AMOLED,"6,1",No,3400.0,149.9,70.4,0.78,157.0,6,530.0,1,45.0,5
2020-08-13 14:23:12.988493,2020-08-13,1,MediaWorld,Android,Samsung,Galaxy S10+,724.0,1279.0,8,512.0,Dual SIM,Si,Si,Ceramic White,Dynamic AMOLED,"6,4",No,4100.0,157.6,74.1,0.78,175.0,7,555.0,1,43.0,5
2020-08-13 14:23:36.486441,2020-08-13,1,MediaWorld,Android,SONY,Xperia X10 Navy,229.99,349.0,3,64.0,Dual SIM,Si,Si,Blue,LCD,6,No,2870.0,156.0,68.0,0.84,162.0,2,119.00999999999999,1,34.0,4
2020-08-13 14:24:02.217348,2020-08-13,1,MediaWorld,Android,SONY,Xperia X10 Silver,229.99,349.0,3,64.0,Dual SIM,Si,Si,Silver,LCD,6,No,2870.0,156.0,68.0,0.84,162.0,2,119.00999999999999,1,34.0,4
2020-08-13 14:24:28.085834,2020-08-13,1,MediaWorld,Android,SONY,Xperia X10 Black,249.99,379.0,3,64.0,Dual SIM,Si,Si,Black,LCD,6,No,2870.0,156.0,68.0,0.84,162.0,2,129.01,1,34.0,4
2020-08-13 14:24:56.890072,2020-08-13,1,MediaWorld,Android,SONY,Xperia X10 Plus Black,429.0,429.0,4,64.0,Dual SIM,Si,Si,Black,LCD,"6,5",No,3000.0,167.0,73.0,0.83,180.0,4,0.0,0,0.0,1
2020-08-13 14:25:23.039079,2020-08-13,1,MediaWorld,Android,Huawei,P SMART+ 2019,179.99,259.99,3,64.0,Dual SIM,Si,Si,Black,LCD,"6,21",N.d,3400.0,,,,,1,80.0,1,31.0,4
2020-08-13 14:25:48.155371,2020-08-13,1,MediaWorld,Android,Huawei,P30 Pro,849.0,849.0,8,128.0,Dual SIM,Si,N.d,Amber Sunrise,OLED,"6,47",No,4200.0,158.0,73.4,0.84,192.0,8,0.0,0,0.0,1
2020-08-13 14:26:18.124848,2020-08-13,1,MediaWorld,Android,LG,K40 Dual,119.99,179.99,2,32.0,Dual SIM,Si,Si,Grey,LCD,"5,7",No,3000.0,71.9,153.0,0.83,144.0,1,60.000000000000014,1,33.0,4
2020-08-13 14:26:51.043302,2020-08-13,1,MediaWorld,Android,Samsung,Galaxy Fold,1949.0,2050.0,12,512.0,Mono SIM,Si,Si,Black,Dynamic AMOLED,"7,3",N.d,4380.0,160.9,117.9,0.69,263.0,9,101.0,1,5.0,1
2020-08-13 14:27:16.049406,2020-08-13,1,MediaWorld,Android,ALCATEL,3C,129.99,129.99,1,16.0,Dual SIM,Si,Si,Gold,LCD,6,No,3000.0,161.0,76.0,0.79,169.0,1,0.0,0,0.0,1
2020-08-13 14:27:43.367664,2020-08-13,1,MediaWorld,Android,ALCATEL,1S,95.99,95.99,3,32.0,Dual SIM,Si,Si,Black,N.d,"5,5",No,3060.0,147.79999999999995,70.7,0.86,146.0,1,0.0,0,0.0,1
2020-08-13 14:28:10.861817,2020-08-13,1,MediaWorld,Android,Samsung,XCover 4s,269.99,269.99,3,32.0,Dual SIM,Si,Si,Black,TFT,5,No,2800.0,146.2,73.3,0.97,172.0,2,0.0,0,0.0,1
2020-08-13 14:28:40.071998,2020-08-13,1,MediaWorld,Android,SONY,Xperia 1 Black,847.0,949.0,6,128.0,Dual SIM,Si,Si,Black,OLED,"6,5",No,3330.0,167.0,72.0,0.82,178.0,8,102.0,1,11.0,2
2020-08-13 14:29:05.345422,2020-08-13,1,MediaWorld,iOS,APPLE,iPhone 11 Pro 512GB,1589.0,1589.0,,512.0,Dual SIM,Si,Si,Gold,OLED,"5,8",No,,144.0,71.39999999999998,0.81,188.0,9,0.0,0,0.0,1
2020-08-13 14:29:29.132547,2020-08-13,1,MediaWorld,Android,Huawei,P30 Pro,849.0,849.0,8,128.0,Dual SIM,Si,N.d,Misty Lavender,OLED,"6,47",N.d,4200.0,158.0,73.4,0.84,192.0,8,0.0,0,0.0,1
2020-08-13 14:29:54.581635,2020-08-13,1,MediaWorld,Android,Oppo,Reno 2,349.0,449.0,8,256.0,Dual SIM,Si,Si,Black,AMOLED,"6,5",No,4000.0,160.0,74.3,0.95,189.0,3,100.0,1,22.0,3
2020-08-13 14:30:20.430928,2020-08-13,1,MediaWorld,Android,ALCATEL,3C 2019,101.99,119.99,2,16.0,Dual SIM,Si,Si,Black,LCD,"6,7",No,3000.0,173.4,83.4,0.81,185.0,1,18.0,1,15.0,2
2020-08-13 14:30:45.675153,2020-08-13,1,MediaWorld,Android,ALCATEL,1S 64,122.99,129.9,"4,096",64.0,Dual SIM,Si,Si,Black,N.d,"5,5",No,3060.0,147.79999999999995,70.7,0.86,146.0,1,6.910000000000011,1,5.0,1
2020-08-13 14:31:13.135203,2020-08-13,1,MediaWorld,Android,ALCATEL,1S 64,122.99,129.99,"4,096",64.0,Dual SIM,Si,Si,Blue,N.d,"5,5",No,3060.0,147.79999999999995,70.7,0.86,146.0,1,7.000000000000014,1,5.0,1
2020-08-13 14:31:36.929023,2020-08-13,1,MediaWorld,Android,Huawei,Nova 5T,429.0,429.0,6,128.0,Dual SIM,Si,Si,Midsummer Purple,LCD,"6,26",No,3750.0,154.25,73.97,0.787,174.0,4,0.0,0,0.0,1
2020-08-13 14:32:07.481990,2020-08-13,1,MediaWorld,Android,SONY,Xperia 1 Grey,949.0,949.0,6,128.0,Dual SIM,Si,Si,Grey,OLED,"6,5",No,3330.0,167.0,72.0,0.82,178.0,9,0.0,0,0.0,1
2020-08-13 14:32:32.737083,2020-08-13,1,MediaWorld,Android,LG,K50S,149.99,199.99,3,32.0,Dual SIM,Si,Si,Blue,LCD,"6,5",No,4000.0,165.79999999999995,77.5,0.82,194.0,1,50.0,1,25.0,3
2020-08-13 14:32:59.087420,2020-08-13,1,MediaWorld,Android,Motorola,E6 Plus 2/32,119.99,149.99,2,32.0,Dual SIM,Si,Si,Grey,LCD,"6,1",No,3000.0,155.6,73.1,0.86,155.0,1,30.000000000000014,1,20.0,2
2020-08-13 14:33:23.542384,2020-08-13,1,MediaWorld,Android,Motorola,One Macro,149.99,209.0,4,64.0,Dual SIM,Si,Si,Lavender,LCD,"6,2",No,4000.0,157.6,75.4,0.9,183.0,1,59.00999999999999,1,28.000000000000004,3
2020-08-13 14:33:50.211773,2020-08-13,1,MediaWorld,Android,Motorola,Motorola One Macro,149.99,209.0,4,64.0,Dual SIM,Si,Si,Blue,LCD,"6,2",No,4000.0,157.6,75.4,0.9,183.0,1,59.00999999999999,1,28.000000000000004,3
2020-08-13 14:34:15.885222,2020-08-13,1,MediaWorld,Android,Motorola,G8 Plus,269.99,269.99,4,64.0,Dual SIM,Si,Si,Red,LCD,"6,3",No,4000.0,158.4,75.8,0.91,179.0,2,0.0,0,0.0,1
2020-08-13 14:34:40.434945,2020-08-13,1,MediaWorld,Android,Motorola,G8 Plus,199.99,269.0,4,64.0,Dual SIM,Si,Si,Blue,LCD,"6,3",No,4000.0,158.4,75.8,0.91,179.0,1,69.00999999999999,1,26.0,3
2020-08-13 14:35:05.310386,2020-08-13,1,MediaWorld,Android,Motorola,One Action,179.99,279.99,4,128.0,Dual SIM,Si,Si,White,LCD,"6,3",No,3500.0,160.10000000000005,71.2,0.92,181.0,1,100.0,1,36.0,4
2020-08-13 14:35:30.791817,2020-08-13,1,MediaWorld,Android,Motorola,Motorola One Action,179.99,279.99,4,128.0,Dual SIM,Si,Si,Blue,LCD,"6,3",No,3500.0,160.10000000000005,71.2,0.92,181.0,1,100.0,1,36.0,4
2020-08-13 14:35:57.182945,2020-08-13,1,MediaWorld,Android,Huawei,Psmart Pro Crystal,251.99,299.99,6,128.0,Dual SIM,Si,Si,Breathing Crystal,LCD,"6,59",No,4000.0,163.1,77.2,0.88,206.0,2,48.0,1,16.0,2
2020-08-13 14:36:26.142306,2020-08-13,1,MediaWorld,Android,Huawei,P40 Pro Silver,1049.0,1049.9,8,256.0,Dual SIM,Si,Si,Silver,OLED,"6,58",No,4200.0,158.2,72.6,0.89,209.0,9,0.900000000000091,1,0.0,1
2020-08-13 14:36:47.956632,2020-08-13,1,MediaWorld,Android,Huawei,P40 Silver,699.0,799.9,8,128.0,Dual SIM,Si,Si,Silver,OLED,"6,1",No,3800.0,148.9,71.06,0.85,175.0,6,100.89999999999998,1,13.0,2
2020-08-13 14:37:16.678996,2020-08-13,1,MediaWorld,Android,Huawei,P40 Gold,699.0,799.9,8,128.0,Dual SIM,Si,Si,Gold,OLED,"6,1",No,3800.0,148.9,71.06,0.85,175.0,6,100.89999999999998,1,13.0,2
2020-08-13 14:37:39.448183,2020-08-13,1,MediaWorld,Android,Huawei,P40 Black,617.0,799.9,8,128.0,Dual SIM,Si,Si,Black,OLED,"6,1",No,3800.0,148.9,71.06,0.85,175.0,6,182.89999999999998,1,23.0,3
2020-08-13 14:38:03.827753,2020-08-13,1,MediaWorld,Android,Xiaomi,Xiaomi Mi 10 8+256 Grey,749.0,899.0,8,256.0,Mono SIM,Si,Si,Grey,OLED,"6,67",No,4780.0,74.80000000000003,162.5,0.93,210.0,7,150.0,1,17.0,2
2020-08-13 14:38:31.514811,2020-08-13,1,MediaWorld,Android,Huawei,P40 Lite E Blue,154.99,199.0,4,64.0,Dual SIM,Si,Si,Blue,LCD,"6,39",No,4000.0,159.8,76.10000000000002,0.81,176.0,1,44.00999999999999,1,22.0,3
2020-08-13 14:38:57.281306,2020-08-13,1,MediaWorld,Android,Oppo,Find X2 Lite,449.1,499.0,8,128.0,Mono SIM,Si,Si,White,AMOLED,"6,4",No,4025.0,160.3,74.3,0.7959999999999999,180.0,4,49.89999999999998,1,10.0,1
2020-08-13 14:39:21.862099,2020-08-13,1,MediaWorld,Android,Huawei,Y6p Purple,135.15,159.0,3,64.0,Dual SIM,Si,Si,Purple,LCD,"6,3",No,5000.0,159.0,74.6,0.9,185.0,1,23.849999999999994,1,15.0,2
2020-08-13 14:39:45.268461,2020-08-13,1,MediaWorld,Android,Xiaomi,Mi 10 Lite 5G 6+128 White,369.0,399.0,6,128.0,Dual SIM,Si,Si,White,AMOLED,"6,57",No,4160.0,137.10000000000002,74.7,0.79,192.0,3,30.0,1,8.0,1
2020-08-13 14:40:11.831834,2020-08-13,1,MediaWorld,Android,Motorola,Moto G8 power,199.99,249.99,4,64.0,Dual SIM,Si,Si,Blue,LCD,"6,4",No,5000.0,155.0,75.0,0.96,197.0,1,50.0,1,20.0,2
2020-08-13 14:40:42.091503,2020-08-13,1,MediaWorld,Android,Wiko,Y60,79.99,79.99,1,16.0,Dual SIM,Si,Si,Cyan,Standard,"5,45",No,2500.0,146.8,71.8,0.93,177.0,1,0.0,0,0.0,1
2020-08-13 14:41:09.462715,2020-08-13,1,MediaWorld,Android,ALCATEL,1S,92.99,95.99,3,32.0,Dual SIM,Si,Si,Blue,N.d,"5,5",No,3060.0,147.79999999999995,70.7,0.86,146.0,1,3.0,1,3.0,1
2020-08-13 14:41:33.988166,2020-08-13,1,MediaWorld,Android,ALCATEL,3C,109.99,109.99,1,16.0,Dual SIM,Si,Si,Blue,LCD,6,No,3000.0,161.0,76.0,0.79,169.0,1,0.0,0,0.0,1
2020-08-13 14:42:02.410296,2020-08-13,1,MediaWorld,Android,Motorola,E6 Plus 4/64,129.99,169.99,4,64.0,Dual SIM,Si,Si,Black/Grey,LCD,"6,1",No,3000.0,155.6,73.1,0.86,155.0,1,40.0,1,24.0,3
2020-08-13 14:42:25.374441,2020-08-13,1,MediaWorld,Android,Xiaomi,Xiaomi Mi 10 8+256 Green,899.0,899.0,8,256.0,Mono SIM,Si,Si,Green,OLED,"6,67",No,4780.0,74.80000000000003,162.5,0.93,210.0,8,0.0,0,0.0,1
2020-08-13 14:42:47.879093,2020-08-13,1,MediaWorld,Android,Huawei,P40 Lite E Black,158.99,199.0,4,64.0,Dual SIM,Si,Si,Black,LCD,"6,39",No,4000.0,159.8,76.10000000000002,0.81,176.0,1,40.00999999999999,1,20.0,2
2020-08-13 14:43:10.403059,2020-08-13,1,MediaWorld,Android,Xiaomi,Mi 10 Lite 5G 6+128 Blue,369.0,399.0,6,128.0,Dual SIM,Si,Si,Blue,AMOLED,"6,57",No,4160.0,137.10000000000002,74.7,0.79,192.0,3,30.0,1,8.0,1
2020-08-13 14:43:38.384217,2020-08-13,1,MediaWorld,Android,Huawei,P40 Pro Gold,909.0,1049.9,8,256.0,Dual SIM,Si,Si,Gold,OLED,"6,58",No,4200.0,158.2,72.6,0.89,209.0,9,140.9000000000001,1,13.0,2
2020-08-07 07:30:05.716185,2020-08-07,1,MediaWorld,Android,Samsung,Galaxy S20 4G,597.35,919.0,8,128.0,Mono SIM,Si,Si,Grey,Dynamic AMOLED,"6,2",No,4000.0,151.7,69.1,0.79,163.0,5,321.65,1,35.0,4
2020-08-07 07:30:37.174010,2020-08-07,1,MediaWorld,Android,Samsung,Galaxy A20e,139.99,179.99,3,32.0,Dual SIM,Si,Si,Black,LCD,"5,8",N.d,3000.0,147.4,69.7,0.84,140.0,1,40.0,1,22.0,3
2020-08-07 07:31:03.492239,2020-08-07,1,MediaWorld,iOS,APPLE,iPhone 11 Pro 256GB,1155.15,1359.0,,256.0,Mono SIM,Si,Si,Green,OLED,"5,8",No,,144.0,71.39999999999998,0.81,188.0,9,203.8499999999999,1,15.0,2
2020-08-07 07:31:28.793367,2020-08-07,1,MediaWorld,Android,Xiaomi,Mi Note 10,379.0,599.0,6,128.0,Dual SIM,Si,Si,Midnight Black,AMOLED,"6,47",No,5260.0,157.79999999999995,74.2,0.96,208.0,3,220.0,1,37.0,4
2020-08-07 07:31:55.940556,2020-08-07,1,MediaWorld,Android,Samsung,Galaxy S20 4G,597.35,919.0,8,128.0,Mono SIM,Si,Si,Blue,Dynamic AMOLED,"6,2",No,4000.0,151.7,69.1,0.79,163.0,5,321.65,1,35.0,4
2020-08-07 07:32:22.723219,2020-08-07,1,MediaWorld,iOS,APPLE,iPhone 11 128GB,800.1,889.0,,128.0,Mono SIM,Si,Si,Black,Retina,"6,1",No,,150.9,75.7,0.83,194.0,8,88.89999999999998,1,10.0,1
2020-08-07 07:32:43.391272,2020-08-07,1,MediaWorld,iOS,APPLE,iPhone 11 64GB,769.0,839.0,,64.0,Mono SIM,Si,Si,Purple,Retina,"6,1",No,,150.9,75.7,0.83,194.0,7,70.0,1,8.0,1
2020-08-07 07:33:05.364359,2020-08-07,1,MediaWorld,Android,Xiaomi,MI NOTE 10 LITE,275.99,399.0,6,128.0,Dual SIM,Si,N.d,Black,AMOLED,"6,47",Vodafone,5260.0,157.79999999999995,74.2,0.9670000000000001,204.0,2,123.00999999999999,1,31.0,4
2020-08-07 07:33:30.081349,2020-08-07,1,MediaWorld,iOS,APPLE,iPhone 11 Pro 64GB,1041.0,1199.0,,64.0,Dual SIM,Si,Si,Green,OLED,"5,8",No,,144.0,71.39999999999998,0.81,188.0,9,158.0,1,13.0,2
2020-08-07 07:33:58.171641,2020-08-07,1,MediaWorld,Android,Huawei,P30 LITE,194.35,299.0,4,128.0,Dual SIM,Si,Si,Blue,LCD,"6,15",N.d,3340.0,152.89999999999995,72.69999999999997,0.74,159.0,1,104.65,1,35.0,4
2020-08-07 07:34:25.444093,2020-08-07,1,MediaWorld,Android,Samsung,Galaxy A20e,139.99,179.99,3,32.0,Dual SIM,Si,Si,Blue,TFT,"5,8",N.d,3000.0,147.4,69.7,0.84,140.0,1,40.0,1,22.0,3
2020-08-07 07:34:52.565069,2020-08-07,1,MediaWorld,Android,Xiaomi,Redmi Note 8 T Blue,169.99,189.0,4,64.0,Dual SIM,Si,Si,Starscape Blue,LCD,"6,3",No,4000.0,,,,,1,19.00999999999999,1,10.0,1
2020-08-07 07:35:15.355484,2020-08-07,1,MediaWorld,Android,Samsung,Galaxy A51,269.25,359.0,4,128.0,Dual SIM,Si,Si,Black,SAMOLED,"6,5",No,4000.0,158.5,73.60000000000002,0.79,172.0,2,89.75,1,25.0,3
2020-08-07 07:35:44.737089,2020-08-07,1,MediaWorld,Android,Samsung,NOTE 10 LITE,429.0,629.0,6,128.0,Dual SIM,Si,N.d,Black,SAMOLED,"6,7",Vodafone,4500.0,163.70000000000005,76.10000000000002,8.7,199.0,4,200.0,1,32.0,4
2020-08-07 07:36:14.475322,2020-08-07,1,MediaWorld,iOS,APPLE,iPhone 11 Pro 64GB,1049.0,1199.0,,64.0,Mono SIM,Si,Si,Gold,OLED,"5,8",No,,144.0,71.39999999999998,0.81,188.0,9,150.0,1,13.0,2
2020-08-07 07:36:40.854161,2020-08-07,1,MediaWorld,iOS,APPLE,iPhone SE 128GB,549.0,549.0,,128.0,Mono SIM,Si,Si,Black,Retina,"4,7",No,,67.30000000000001,138.4,0.73,148.0,5,0.0,0,0.0,1
2020-08-07 07:37:04.643269,2020-08-07,1,MediaWorld,Android,Samsung,Galaxy A51,269.25,359.0,4,128.0,Dual SIM,Si,Si,Blue,SAMOLED,"6,5",No,4000.0,158.5,73.60000000000002,0.79,172.0,2,89.75,1,25.0,3
2020-08-07 07:37:27.969318,2020-08-07,1,MediaWorld,Android,Samsung,Galaxy A71,367.2,459.0,6,128.0,Dual SIM,Si,Si,Blue,SAMOLED,"6,7",No,4500.0,163.6,76.0,0.77,179.0,3,91.80000000000001,1,20.0,2
2020-08-07 07:37:49.326419,2020-08-07,1,MediaWorld,Android,Samsung,NOTE10 LITE,497.0,629.0,6,128.0,Dual SIM,Si,N.d,Black,SAMOLED,"6,7",No,4500.0,163.70000000000005,76.10000000000002,8.7,199.0,4,132.0,1,21.0,3
2020-08-07 07:38:16.004473,2020-08-07,1,MediaWorld,Android,Samsung,Galaxy A20e,139.99,179.99,3,32.0,Dual SIM,Si,Si,White,TFT,"5,8",N.d,3000.0,147.4,69.7,0.84,140.0,1,40.0,1,22.0,3
2020-08-07 07:38:46.470298,2020-08-07,1,MediaWorld,iOS,APPLE,iPhone 11 Pro Max 256GB,1329.0,1459.0,,256.0,Mono SIM,Si,Si,Green,OLED,"6,5",No,,158.0,77.8,0.81,226.0,9,130.0,1,9.0,1
2020-08-07 07:39:13.797717,2020-08-07,1,MediaWorld,Android,Samsung,Galaxy A71,367.2,459.0,6,128.0,Dual SIM,Si,Si,Silver,SAMOLED,"6,7",No,4500.0,163.6,76.0,0.77,179.0,3,91.80000000000001,1,20.0,2
2020-08-07 07:39:43.553935,2020-08-07,1,MediaWorld,iOS,APPLE,iPhone 11 Pro Max 256GB,1289.0,1459.0,,256.0,Mono SIM,Si,Si,Grey,OLED,"6,5",No,,158.0,77.8,0.81,226.0,9,170.0,1,12.0,2
2020-08-07 07:40:09.979699,2020-08-07,1,MediaWorld,iOS,APPLE,iPhone 11 Pro 256GB,1155.15,1359.0,,256.0,Mono SIM,Si,Si,Silver,OLED,"5,8",No,,144.0,71.39999999999998,0.81,188.0,9,203.8499999999999,1,15.0,2
2020-08-07 07:40:33.834299,2020-08-07,1,MediaWorld,iOS,APPLE,iPhone 11 128GB,800.1,889.0,,128.0,Mono SIM,Si,Si,Green,Retina,"6,1",No,,150.9,75.7,0.83,194.0,8,88.89999999999998,1,10.0,1
2020-08-07 07:40:59.914370,2020-08-07,1,MediaWorld,iOS,APPLE,iPhone 11 Pro Max 256GB,1288.0,1459.0,,256.0,Mono SIM,Si,Si,Silver,OLED,"6,5",No,,158.0,77.8,0.81,226.0,9,171.0,1,12.0,2
2020-08-07 07:42:02.364752,2020-08-07,1,MediaWorld,Android,Xiaomi,Redmi Note 8 Pro 6+128,223.99,299.0,6,128.0,Dual SIM,Si,N.d,Black,LCD,"6,53",No,4500.0,161.29999999999995,76.39999999999998,0.87,,2,75.00999999999999,1,25.0,3
2020-08-07 07:42:27.419984,2020-08-07,1,MediaWorld,Android,Samsung,Galaxy S10,579.0,779.0,8,128.0,Dual SIM,Si,Si,Black,Dynamic AMOLED,"6,1",No,3400.0,149.9,70.4,0.78,157.0,5,200.0,1,26.0,3
2020-08-07 07:42:52.276474,2020-08-07,1,MediaWorld,Android,Honor,HUAWEI HONOR 8S,112.99,119.99,2,32.0,Dual SIM,Si,N.d,Black,LCD,"5,7",No,3000.0,147.0,70.8,0.85,146.0,1,7.0,1,6.0,1
2020-08-07 07:43:16.728871,2020-08-07,1,MediaWorld,Android,Xiaomi,XIAOMI REDMI 7A,101.99,119.99,2,16.0,Dual SIM,Si,Si,Blue,LCD,"5,45",TIM,4000.0,143.0,70.0,0.96,165.0,1,18.0,1,15.0,2
2020-08-07 07:43:42.451487,2020-08-07,1,MediaWorld,Android,Samsung,Galaxy S20 Ultra 5G,1299.0,1379.0,12,128.0,Mono SIM,Si,Si,White,Dynamic AMOLED,"6,9",No,5000.0,1669.0,76.0,0.88,220.0,9,80.0,1,6.0,1
2020-08-07 07:44:09.797748,2020-08-07,1,MediaWorld,iOS,APPLE,iPhone SE 128GB,549.0,549.0,,128.0,Mono SIM,Si,Si,Red,Retina,"4,7",No,,67.30000000000001,138.4,0.73,148.0,5,0.0,0,0.0,1
2020-08-07 07:44:30.469867,2020-08-07,1,MediaWorld,iOS,APPLE,iPhone SE 128GB,549.0,549.0,,128.0,Mono SIM,Si,Si,White,Retina,"4,7",No,,67.30000000000001,138.4,0.73,148.0,5,0.0,0,0.0,1
2020-08-07 07:44:53.974190,2020-08-07,1,MediaWorld,Android,Samsung,Galaxy A20e,139.99,179.99,3,32.0,Dual SIM,Si,Si,Coral,TFT,"5,8",N.d,3000.0,147.4,69.7,0.84,140.0,1,40.0,1,22.0,3
2020-08-07 07:45:32.663777,2020-08-07,1,MediaWorld,Android,Xiaomi,Redmi Note 9 Pro 6+128,249.99,299.0,6,128.0,Dual SIM,Si,Si,Green,N.d,"6,67",No,5020.0,165.7,76.6,0.88,209.0,2,49.00999999999999,1,16.0,2
2020-08-07 07:46:00.737041,2020-08-07,1,MediaWorld,Android,Xiaomi,Redmi Note 8 Pro 6+128,227.99,299.0,6,128.0,Dual SIM,Si,N.d,Blue,N.d,"6,53",No,4500.0,161.29999999999995,76.39999999999998,0.87,,2,71.00999999999999,1,24.0,3
2020-08-07 07:46:23.604104,2020-08-07,1,MediaWorld,Android,Samsung,Galaxy A41,239.99,299.99,4,64.0,Dual SIM,Si,Si,Black,SAMOLED,"6,1",No,3500.0,149.9,69.80000000000001,0.79,152.0,2,60.0,1,20.0,2
2020-08-07 07:46:50.336472,2020-08-07,1,MediaWorld,Android,Samsung,Galaxy A10,129.99,139.99,2,32.0,Dual SIM,N.d,N.d,Blue,TFT,"6,2",N.d,3400.0,155.6,75.6,0.81,168.0,1,10.0,1,7.000000000000001,1
2020-08-07 07:47:12.278074,2020-08-07,1,MediaWorld,iOS,APPLE,iPhone 11 128GB,800.1,889.0,,128.0,Mono SIM,Si,Si,Red,Retina,"6,1",No,,150.9,75.7,0.83,194.0,8,88.89999999999998,1,10.0,1
2020-08-07 07:47:36.902677,2020-08-07,1,MediaWorld,Android,Huawei,P SMART Z,155.4,259.0,4,64.0,Dual SIM,Si,Si,Black,LCD,"6,59",No,4000.0,163.4,77.2,0.88,197.0,1,103.6,1,40.0,4
2020-08-07 07:48:01.460547,2020-08-07,1,MediaWorld,Android,Samsung,Galaxy A21s,179.99,209.99,3,32.0,Dual SIM,Si,Si,White,TFT,"6,5",No,5000.0,163.70000000000005,75.3,0.89,192.0,1,30.0,1,14.000000000000002,2
2020-08-07 07:48:31.225682,2020-08-07,1,MediaWorld,Android,Xiaomi,Redmi Note 9 Pro 6+128,299.99,299.99,6,128.0,Dual SIM,Si,Si,White,N.d,"6,67",No,5020.0,165.7,76.6,0.88,209.0,2,0.0,0,0.0,1
2020-08-07 07:48:59.326487,2020-08-07,1,MediaWorld,iOS,APPLE,iPhone 11 Pro 256GB,1155.15,1359.0,,256.0,Dual SIM,Si,Si,Gold,OLED,"5,8",No,,144.0,71.39999999999998,0.81,188.0,9,203.8499999999999,1,15.0,2
2020-08-07 07:49:23.997431,2020-08-07,1,MediaWorld,iOS,APPLE,iPhone 11 128GB,800.1,889.0,,128.0,Mono SIM,Si,Si,Purple,Retina,"6,1",No,,150.9,75.7,0.83,194.0,8,88.89999999999998,1,10.0,1
2020-08-07 07:49:52.403884,2020-08-07,1,MediaWorld,iOS,APPLE,iPhone 11 Pro Max 64GB,1095.65,1289.0,,64.0,Dual SIM,Si,Si,Gold,OLED,"6,5",No,,158.0,77.8,0.81,226.0,9,193.3499999999999,1,15.0,2
2020-08-07 07:50:16.086595,2020-08-07,1,MediaWorld,iOS,APPLE,iPhone 11 64GB,779.0,839.0,,64.0,Mono SIM,Si,Si,Yellow,Retina,"6,1",No,,150.9,75.7,0.83,194.0,7,60.0,1,7.000000000000001,1
2020-08-07 07:50:41.672058,2020-08-07,1,MediaWorld,Android,Huawei,P SMART Z,155.4,259.0,4,64.0,Dual SIM,Si,Si,Blue,LCD,"6,59",No,4000.0,163.4,77.2,0.88,197.0,1,103.6,1,40.0,4
2020-08-07 07:51:08.732769,2020-08-07,1,MediaWorld,Android,Motorola,E6s,90.3,129.0,2,32.0,Dual SIM,Si,Si,Blue,LCD,"6,1",No,3000.0,155.0,73.0,0.85,160.0,1,38.7,1,30.0,3
2020-08-07 07:51:30.176457,2020-08-07,1,MediaWorld,Android,Samsung,Galaxy S20 5G,909.0,1029.0,12,128.0,Mono SIM,Si,Si,Grey,Dynamic AMOLED,"6,2",No,4000.0,151.7,69.1,0.79,163.0,9,120.0,1,12.0,2
2020-08-07 07:51:54.098705,2020-08-07,1,MediaWorld,Android,Samsung,Galaxy Note 10+,1129.0,1129.0,12,256.0,Dual SIM,N.d,Si,Aura Black,Dynamic AMOLED,"6,8",No,4300.0,162.3,77.2,0.79,196.0,9,0.0,0,0.0,1
2020-08-07 07:52:20.065556,2020-08-07,1,MediaWorld,Android,Samsung,Galaxy A21s,179.99,209.99,3,32.0,Dual SIM,Si,Si,Blue,TFT,"6,5",No,5000.0,163.70000000000005,75.3,0.89,192.0,1,30.0,1,14.000000000000002,2
2020-08-07 07:52:44.627513,2020-08-07,1,MediaWorld,Android,Wiko,Y50,57.99,69.99,1,16.0,Dual SIM,Si,Si,Grey,N.d,5,No,2200.0,146.0,73.5,0.87,160.0,1,11.999999999999993,1,17.0,2
2020-08-07 07:53:12.514838,2020-08-07,1,MediaWorld,Android,Samsung,Galaxy A41,239.99,299.99,4,64.0,Dual SIM,Si,Si,Blue,SAMOLED,"6,1",No,3500.0,149.9,69.80000000000001,0.79,152.0,2,60.0,1,20.0,2
2020-08-07 07:53:37.851644,2020-08-07,1,MediaWorld,Android,Oppo,Reno 2 Z,240.99,349.0,8,128.0,Dual SIM,Si,Si,Black,AMOLED,"6,5",No,4000.0,161.8,75.8,0.87,195.0,2,108.00999999999999,1,31.0,4
2020-08-07 07:53:59.992876,2020-08-07,1,MediaWorld,iOS,APPLE,iPhone 11 128GB,800.1,889.0,,128.0,Mono SIM,Si,Si,Yellow,Retina,"6,1",No,,150.9,75.7,0.83,194.0,8,88.89999999999998,1,10.0,1
2020-08-07 07:54:22.278885,2020-08-07,1,MediaWorld,iOS,APPLE,iPhone XR 64GB,628.15,739.0,3,64.0,Mono SIM,Si,Si,Yellow,LCD,"6,1",N.d,2942.0,150.9,75.7,0.83,194.0,6,110.85000000000002,1,15.0,2
2020-08-07 07:54:48.167808,2020-08-07,1,MediaWorld,iOS,APPLE,iPhone 11 Pro Max 64GB,1095.65,1289.0,,64.0,Dual SIM,Si,Si,Green,OLED,"6,5",No,,158.0,77.8,0.81,226.0,9,193.3499999999999,1,15.0,2
2020-08-07 07:55:09.225524,2020-08-07,1,MediaWorld,Android,Huawei,Y6 2019,129.99,129.99,2,32.0,Dual SIM,Si,Si,Black,LCD,"6,09",N.d,3020.0,156.2,73.5,0.8,150.0,1,0.0,0,0.0,1
2020-08-07 07:55:33.662010,2020-08-07,1,MediaWorld,Android,Huawei,p smart 2019,149.25,199.0,3,64.0,Dual SIM,Si,Si,Black,LCD,"6,21",N.d,3400.0,155.2,73.4,0.79,160.0,1,49.75,1,25.0,3
2020-08-07 07:56:20.233496,2020-08-07,1,MediaWorld,iOS,APPLE,iPhone XR 128GB,719.0,789.0,3,128.0,Mono SIM,Si,Si,White,LCD,"6,1",N.d,2942.0,150.9,75.7,0.83,194.0,7,70.0,1,9.0,1
2020-08-07 07:56:44.915668,2020-08-07,1,MediaWorld,Android,Wiko,Y80,84.99,99.99,2,16.0,Dual SIM,Si,Si,Blue,Standard,"5,99",No,4000.0,160.0,76.5,0.855,185.0,1,15.0,1,15.0,2
2020-08-07 07:57:12.026901,2020-08-07,1,MediaWorld,Android,Oppo,A9 2020,179.99,229.0,4,128.0,Dual SIM,Si,Si,Purple,LCD,"6,5",No,5000.0,163.6,75.6,0.91,195.0,1,49.00999999999999,1,21.0,3
2020-08-07 07:57:36.491844,2020-08-07,1,MediaWorld,Android,Samsung,Galaxy A10,129.99,139.99,2,32.0,Dual SIM,N.d,N.d,Red,TFT,"6,2",N.d,3400.0,155.6,75.6,0.81,168.0,1,10.0,1,7.000000000000001,1
2020-08-07 07:58:06.696782,2020-08-07,1,MediaWorld,Android,Oppo,A5 2020,139.3,199.0,3,64.0,Dual SIM,Si,Si,Black,LCD,"6,5",No,5000.0,163.6,75.6,0.91,195.0,1,59.69999999999999,1,30.0,3
2020-08-07 07:58:35.770896,2020-08-07,1,MediaWorld,Android,Motorola,edge,529.0,699.0,6,128.0,Dual SIM,Si,Si,Black,OLED,"6,7",No,4500.0,161.0,71.10000000000002,0.93,188.0,5,170.0,1,24.0,3
2020-08-07 07:59:00.369280,2020-08-07,1,MediaWorld,Android,Samsung,GALAXY Z FLIP,1299.0,1499.0,8,256.0,Mono SIM,Si,Si,Black,Dynamic AMOLED,"6,7",No,3300.0,167.3,73.60000000000002,0.69,183.0,9,200.0,1,13.0,2
2020-08-07 07:59:30.781682,2020-08-07,1,MediaWorld,Android,Huawei,P40 Lite 5G Green,329.0,399.0,6,128.0,Dual SIM,Si,Si,Green,N.d,"6,5",No,4000.0,162.3,75.0,0.858,189.0,3,70.0,1,18.0,2
2020-08-07 08:00:07.523314,2020-08-07,1,MediaWorld,Android,Huawei,P40 Lite Pink,242.1,269.0,6,128.0,Dual SIM,Si,Si,Pink,LCD,"6,4",No,4200.0,159.2,76.3,0.87,183.0,2,26.900000000000006,1,10.0,1
2020-08-07 08:00:36.079885,2020-08-07,1,MediaWorld,Android,Honor,8A,149.99,149.99,2,32.0,Dual SIM,Si,N.d,Gold,LCD,"6,4",TIM,3020.0,156.0,73.0,0.8,,1,0.0,0,0.0,1
2020-08-07 08:01:04.720396,2020-08-07,1,MediaWorld,Android,Samsung,Galaxy Note 10+,1129.0,1129.0,12,256.0,Dual SIM,N.d,Si,Aura Glow,Dynamic AMOLED,"6,8",No,4300.0,162.3,77.2,0.79,196.0,9,0.0,0,0.0,1
2020-08-07 08:01:35.727139,2020-08-07,1,MediaWorld,Android,Motorola,G8 power lite,171.99,189.99,4,64.0,Dual SIM,Si,Si,Blue,LCD,"6,5",No,5000.0,164.89999999999995,75.7,0.92,200.0,1,18.0,1,9.0,1
2020-08-07 08:01:58.759917,2020-08-07,1,MediaWorld,Android,Motorola,razr,1599.0,1599.0,6,128.0,Mono SIM,Si,Si,Black,P-OLED,"6,2",No,2510.0,172.0,72.0,0.69,205.0,9,0.0,0,0.0,1
2020-08-07 08:02:25.510726,2020-08-07,1,MediaWorld,Android,Oppo,A91,269.99,329.0,8,128.0,Dual SIM,Si,Si,Blue,AMOLED,"6,4",No,4025.0,160.2,73.3,0.79,172.0,2,59.00999999999999,1,18.0,2
2020-08-07 08:02:51.599065,2020-08-07,1,MediaWorld,Android,Oppo,Find X2 Neo,662.0,699.0,12,256.0,Mono SIM,Si,Si,Blue,AMOLED,"6,5",No,4025.0,159.4,72.4,0.7,171.0,6,37.0,1,5.0,1
2020-08-07 08:03:13.088378,2020-08-07,1,MediaWorld,iOS,APPLE,iPhone 11 256GB,1009.0,1009.0,,256.0,Mono SIM,Si,Si,Black,Retina,"6,1",No,,150.9,75.7,0.83,194.0,9,0.0,0,0.0,1
2020-08-07 08:03:34.771569,2020-08-07,1,MediaWorld,Android,Wiko,VIEW 4,123.99,159.99,3,64.0,Dual SIM,Si,Si,Blue,Standard,"6,52",No,5000.0,165.7,75.8,0.885,180.0,1,36.000000000000014,1,23.0,3
2020-08-07 08:03:58.843992,2020-08-07,1,MediaWorld,Android,Huawei,Y6s,122.99,149.99,3,32.0,Dual SIM,Si,Si,Blue,LCD,"6,09",No,3020.0,156.2,73.5,0.8,150.0,1,27.000000000000014,1,18.0,2
2020-08-07 08:04:20.855321,2020-08-07,1,MediaWorld,Android,LG,K50S,149.99,199.99,3,32.0,Dual SIM,Si,Si,Black,LCD,"6,5",No,4000.0,165.79999999999995,77.5,0.82,194.0,1,50.0,1,25.0,3
2020-08-07 08:04:46.330220,2020-08-07,1,MediaWorld,iOS,APPLE,iPhone XR 128GB,719.0,789.0,3,128.0,Mono SIM,Si,Si,Red,LCD,"6,1",N.d,2942.0,150.9,75.7,0.83,194.0,7,70.0,1,9.0,1
2020-08-07 08:05:13.291467,2020-08-07,1,MediaWorld,iOS,APPLE,iPhone 11 Pro 512GB,1432.0,1589.0,,512.0,Dual SIM,Si,Si,Green,OLED,"5,8",No,,144.0,71.39999999999998,0.81,188.0,9,157.0,1,10.0,1
2020-08-07 08:05:40.790326,2020-08-07,1,MediaWorld,Android,Wiko,Y80,99.99,99.99,2,16.0,Dual SIM,Si,Si,Gold,Standard,"5,99",No,4000.0,160.0,76.5,0.855,185.0,1,0.0,0,0.0,1
2020-08-07 08:06:07.954684,2020-08-07,1,MediaWorld,Android,Oppo,Find X2 Neo,604.0,699.0,12,256.0,Mono SIM,Si,Si,Black,AMOLED,"6,5",No,4025.0,159.4,72.4,0.7,171.0,6,95.0,1,14.000000000000002,2
2020-08-07 08:06:33.412263,2020-08-07,1,MediaWorld,Android,Oppo,A5 2020,139.3,199.0,3,64.0,Dual SIM,Si,Si,White,LCD,"6,5",No,5000.0,163.6,75.6,0.91,195.0,1,59.69999999999999,1,30.0,3
2020-08-07 08:07:02.378878,2020-08-07,1,MediaWorld,Android,Huawei,Mate Xs Blue,2184.0,2599.0,8,512.0,Dual SIM,Si,Si,Blue,OLED,8,No,4500.0,161.29999999999995,146.2,1.1,300.0,9,415.0,1,16.0,2
2020-08-07 08:07:24.921827,2020-08-07,1,MediaWorld,Android,Oppo,Find X2 Pro,1150.0,1199.0,12,512.0,Mono SIM,Si,Si,Black,OLED,"6,7",No,4260.0,165.2,74.4,0.88,207.0,9,49.0,1,4.0,1
2020-08-07 08:07:48.272850,2020-08-07,1,MediaWorld,Android,Oppo,A91,277.99,329.0,8,128.0,Dual SIM,Si,Si,Black,AMOLED,"6,4",No,4025.0,160.2,73.3,0.79,172.0,2,51.00999999999999,1,16.0,2
2020-08-07 08:08:15.638024,2020-08-07,1,MediaWorld,Android,Huawei,P30,439.0,649.0,6,128.0,Dual SIM,Si,N.d,Breathing Crystal,OLED,"6,1",No,3650.0,149.1,71.3,0.76,165.0,4,210.0,1,32.0,4
2020-08-07 08:08:41.218214,2020-08-07,1,MediaWorld,Android,Samsung,Galaxy S10 Lite,469.0,679.0,8,128.0,Dual SIM,Si,N.d,Blue,SAMOLED,"6,7",No,4500.0,162.5,75.6,8.1,186.0,4,210.0,1,31.0,4
2020-08-07 08:09:05.805282,2020-08-07,1,MediaWorld,iOS,APPLE,iPhone 11 256GB,1002.0,1009.0,,256.0,Mono SIM,Si,Si,Purple,Retina,"6,1",No,,150.9,75.7,0.83,194.0,9,7.0,1,1.0,1
2020-08-07 08:09:26.653139,2020-08-07,1,MediaWorld,Android,Wiko,VIEW 4 LITE,119.99,129.99,2,32.0,Dual SIM,Si,Si,Blue,Standard,"6,52",No,4000.0,167.0,76.8,0.845,174.0,1,10.000000000000014,1,8.0,1
2020-08-07 08:09:52.485773,2020-08-07,1,MediaWorld,Android,Motorola,edge+,1044.0,1199.0,12,256.0,Mono SIM,Si,Si,Grey,OLED,"6,7",No,5000.0,161.0,71.39999999999998,0.96,203.0,9,155.0,1,13.0,2
2020-08-07 08:10:19.725691,2020-08-07,1,MediaWorld,iOS,APPLE,iPhone 11 Pro Max 512GB,1689.0,1689.0,,512.0,Mono SIM,Si,Si,Silver,OLED,"6,5",No,,158.0,77.8,0.81,226.0,9,0.0,0,0.0,1
2020-08-07 08:10:39.929285,2020-08-07,1,MediaWorld,iOS,APPLE,iPhone 11 256GB,1009.0,1009.0,,256.0,Mono SIM,Si,Si,White,Retina,"6,1",No,,150.9,75.7,0.83,194.0,9,0.0,0,0.0,1
2020-08-07 08:11:06.403772,2020-08-07,1,MediaWorld,Android,BRONDI,AMICO SMARTPHONE,68.99,89.99,0.512,4.0,Dual SIM,Si,Si,Black,LCD,5,N.d,,151.0,69.0,1.07,150.0,1,21.0,1,23.0,3
2020-08-07 08:11:33.090602,2020-08-07,1,MediaWorld,Android,Huawei,P30 Pro,569.0,799.0,8,128.0,Dual SIM,Si,N.d,Breathing Crystal,OLED,"6,47",No,4200.0,158.0,73.4,0.84,192.0,5,230.0,1,28.999999999999996,3
2020-08-07 08:11:57.408617,2020-08-07,1,MediaWorld,iOS,APPLE,iPhone SE 256GB,669.0,669.0,,256.0,Mono SIM,Si,Si,Red,Retina,"4,7",No,,67.30000000000001,138.4,0.73,148.0,6,0.0,0,0.0,1
2020-08-07 08:12:20.967738,2020-08-07,1,MediaWorld,Android,Huawei,P Smart S Black,199.99,259.99,4,128.0,Dual SIM,Si,Si,Black,OLED,"6,3",No,4000.0,157.4,73.2,0.775,163.0,1,60.0,1,23.0,3
2020-08-07 08:12:47.422261,2020-08-07,1,MediaWorld,Android,Xiaomi,Redmi Note 8 Pro 6+128,236.99,299.0,6,128.0,Dual SIM,Si,N.d,White,LCD,"6,53",No,4500.0,161.29999999999995,76.39999999999998,0.87,,2,62.00999999999999,1,21.0,3
2020-08-07 08:13:15.841464,2020-08-07,1,MediaWorld,iOS,APPLE,iPhone 11 Pro 512GB,1589.0,1589.0,,512.0,Mono SIM,Si,Si,Silver,OLED,"5,8",No,,144.0,71.39999999999998,0.81,188.0,9,0.0,0,0.0,1
2020-08-07 08:13:41.149036,2020-08-07,1,MediaWorld,iOS,APPLE,iPhone 11 Pro 512GB,1517.0,1589.0,,512.0,Dual SIM,Si,Si,Grey,OLED,"5,8",No,,144.0,71.39999999999998,0.81,188.0,9,72.0,1,5.0,1
2020-08-07 08:14:01.595234,2020-08-07,1,MediaWorld,Android,Huawei,P30 Pro New Edit Silver,849.0,849.0,8,256.0,Dual SIM,Si,Si,Silver,OLED,"6,47",No,4200.0,158.0,73.4,0.841,192.0,8,0.0,0,0.0,1
2020-08-07 08:14:28.297611,2020-08-07,1,MediaWorld,Android,Oppo,A72,236.99,279.0,4,128.0,Dual SIM,Si,Si,Black,LCD,"6,5",No,5000.0,162.0,75.5,0.89,192.0,2,42.00999999999999,1,15.0,2
2020-08-07 08:14:55.001542,2020-08-07,1,MediaWorld,Android,Motorola,G8,173.99,229.99,4,64.0,Dual SIM,Si,Si,White,LCD,"6,4",No,4000.0,161.0,75.0,0.95,188.0,1,56.0,1,24.0,3
2020-08-07 08:15:24.044973,2020-08-07,1,MediaWorld,iOS,APPLE,iPhone 11 Pro Max 512GB,1623.0,1689.0,,512.0,Dual SIM,Si,Si,Grey,OLED,"6,5",No,,158.0,77.8,0.81,226.0,9,66.0,1,4.0,1
2020-08-07 08:15:48.065133,2020-08-07,1,MediaWorld,Android,Honor,8A,149.99,149.99,2,32.0,Dual SIM,Si,N.d,Black,LCD,"6,4",TIM,3020.0,156.0,73.0,0.8,,1,0.0,0,0.0,1
2020-08-07 08:16:08.149606,2020-08-07,1,MediaWorld,Android,Motorola,razr,1599.0,1599.0,6,128.0,Mono SIM,Si,Si,Black,P-OLED,"6,2",WindTre,2510.0,172.0,72.0,0.69,205.0,9,0.0,0,0.0,1
2020-08-07 08:16:34.782403,2020-08-07,1,MediaWorld,Android,Motorola,G8,173.99,229.99,4,64.0,Dual SIM,Si,Si,Blue,LCD,"6,4",No,4000.0,161.0,75.0,0.95,188.0,1,56.0,1,24.0,3
2020-08-07 08:17:03.610517,2020-08-07,1,MediaWorld,Android,Huawei,P30,439.0,649.0,6,128.0,Dual SIM,Si,N.d,Black,OLED,"6,1",No,3650.0,149.1,71.3,0.76,165.0,4,210.0,1,32.0,4
2020-08-07 08:17:26.385396,2020-08-07,1,MediaWorld,Android,Motorola,MOTO E6 PLUS BLACK,123.99,169.99,4,64.0,Dual SIM,Si,Si,Grey,LCD,"6,1",No,3000.0,155.6,73.1,0.86,155.0,1,46.000000000000014,1,27.0,3
2020-08-07 08:17:55.263347,2020-08-07,1,MediaWorld,Android,Huawei,mate 20 lite,349.0,349.0,4,64.0,Dual SIM,Si,Si,Black,LCD,"6,3",N.d,3750.0,158.3,75.3,0.76,172.0,3,0.0,0,0.0,1
2020-08-07 08:18:19.293230,2020-08-07,1,MediaWorld,Android,LG,K20,79.99,99.99,1,16.0,Dual SIM,Si,Si,Black,TFT,"5,45",No,3000.0,148.6,71.9,0.83,153.0,1,20.0,1,20.0,2
2020-08-07 08:18:49.504911,2020-08-07,1,MediaWorld,iOS,APPLE,iPhone 11 256GB,1009.0,1009.0,,256.0,Mono SIM,Si,Si,Yellow,Retina,"6,1",No,,150.9,75.7,0.83,194.0,9,0.0,0,0.0,1
2020-08-07 08:19:13.984091,2020-08-07,1,MediaWorld,Android,Xiaomi,MI9 lite 128GB,270.0,299.99,6,128.0,Dual SIM,Si,Si,Grey,AMOLED,"6,39",Vodafone,4030.0,,,,,2,29.99000000000001,1,10.0,1
2020-08-07 08:19:41.861841,2020-08-07,1,MediaWorld,Android,Wiko,VIEW 4 LITE,129.99,129.99,2,32.0,Dual SIM,Si,Si,Green,Standard,"6,52",No,4000.0,167.0,76.8,0.845,174.0,1,0.0,0,0.0,1
2020-08-07 08:20:10.092273,2020-08-07,1,MediaWorld,Android,Huawei,P30,439.0,649.0,6,128.0,Dual SIM,Si,N.d,Aurora,OLED,"6,1",No,3650.0,149.1,71.3,0.76,165.0,4,210.0,1,32.0,4
2020-08-07 08:20:50.781878,2020-08-07,1,MediaWorld,Android,Samsung,Galaxy A30s,199.99,199.99,4,64.0,Dual SIM,Si,Si,Black,SAMOLED,"6,4",N.d,4000.0,158.5,74.7,0.78,169.0,1,0.0,0,0.0,1
2020-08-07 08:21:19.594826,2020-08-07,1,MediaWorld,iOS,APPLE,iPhone 11 128GB,800.1,889.0,,128.0,Mono SIM,Si,Si,White,Retina,"6,1",No,,150.9,75.7,0.83,194.0,8,88.89999999999998,1,10.0,1
2020-08-07 08:21:45.460572,2020-08-07,1,MediaWorld,Android,Samsung,Galaxy A71,349.0,459.0,6,128.0,Dual SIM,Si,Si,Black,SAMOLED,"6,7",No,4500.0,163.6,76.0,0.77,179.0,3,110.0,1,24.0,3
2020-08-07 08:22:14.992720,2020-08-07,1,MediaWorld,iOS,APPLE,iPhone 11 Pro 256GB,1155.15,1359.0,,256.0,Mono SIM,Si,Si,Grey,OLED,"5,8",No,,144.0,71.39999999999998,0.81,188.0,9,203.8499999999999,1,15.0,2
2020-08-07 08:22:36.663770,2020-08-07,1,MediaWorld,Android,Samsung,Galaxy A51,269.25,359.0,4,128.0,Dual SIM,Si,Si,White,SAMOLED,"6,5",No,4000.0,158.5,73.60000000000002,0.79,172.0,2,89.75,1,25.0,3
2020-08-07 08:23:04.218406,2020-08-07,1,MediaWorld,Android,Xiaomi,MI NOTE 10 LITE,279.3,399.0,6,128.0,Dual SIM,Si,N.d,White,AMOLED,"6,47",Vodafone,5260.0,157.79999999999995,74.2,0.9670000000000001,204.0,2,119.69999999999999,1,30.0,3
2020-08-07 08:23:33.165321,2020-08-07,1,MediaWorld,Android,Xiaomi,Redmi Note 8 T Grey,160.99,189.0,4,64.0,Dual SIM,Si,Si,Moonshadow Grey,LCD,"6,3",No,4000.0,,,,,1,28.00999999999999,1,15.0,2
2020-08-07 08:24:00.877905,2020-08-07,1,MediaWorld,iOS,APPLE,iPhone 11 64GB,779.0,839.0,,64.0,Mono SIM,Si,Si,Red,Retina,"6,1",No,,150.9,75.7,0.83,194.0,7,60.0,1,7.000000000000001,1
2020-08-07 08:24:29.364766,2020-08-07,1,MediaWorld,iOS,APPLE,iPhone SE 64GB,499.0,499.0,,64.0,Mono SIM,Si,Si,Black,Retina,"4,7",No,,67.30000000000001,138.4,0.73,148.0,4,0.0,0,0.0,1
2020-08-07 08:24:51.539890,2020-08-07,1,MediaWorld,Android,Huawei,P30 LITE,194.35,299.0,4,128.0,Dual SIM,Si,Si,Black,LCD,"6,15",N.d,3340.0,152.89999999999995,72.69999999999997,0.74,159.0,1,104.65,1,35.0,4
2020-08-07 08:25:16.972863,2020-08-07,1,MediaWorld,Android,Samsung,note 10 lite silvr,629.0,629.0,6,128.0,Dual SIM,Si,N.d,Aura Glow,SAMOLED,"6,7",No,4500.0,163.70000000000005,76.10000000000002,8.7,199.0,6,0.0,0,0.0,1
2020-08-07 08:25:45.441972,2020-08-07,1,MediaWorld,Android,Samsung,Galaxy Note10 Lite,479.0,629.0,6,128.0,Dual SIM,Si,N.d,Aura Glow,SAMOLED,"6,7",No,4500.0,163.70000000000005,76.10000000000002,8.7,199.0,4,150.0,1,24.0,3
2020-08-07 08:26:11.892227,2020-08-07,1,MediaWorld,iOS,APPLE,iPhone XS 256GB,1205.0,1205.0,4,256.0,Mono SIM,Si,Si,Silver/Black,OLED,"5,8",N.d,2658.0,143.6,70.9,0.77,177.0,9,0.0,0,0.0,1
2020-08-07 08:26:35.841433,2020-08-07,1,MediaWorld,iOS,APPLE,iPhone XR 64GB,628.15,739.0,3,64.0,Mono SIM,Si,Si,White,LCD,"6,1",N.d,2942.0,150.9,75.7,0.83,194.0,6,110.85000000000002,1,15.0,2
2020-08-07 08:27:03.607697,2020-08-07,1,MediaWorld,Android,Huawei,P30 Lite New Edit Blue,279.99,289.99,6,256.0,Dual SIM,Si,Si,Blue,LCD,"6,15",No,3340.0,152.89999999999995,72.69999999999997,0.74,159.0,2,10.0,1,3.0,1
2020-08-07 08:27:51.706450,2020-08-07,1,MediaWorld,iOS,APPLE,iPhone SE 64GB,499.0,499.0,,64.0,Mono SIM,Si,Si,Red,Retina,"4,7",No,,67.30000000000001,138.4,0.73,148.0,4,0.0,0,0.0,1
2020-08-07 08:28:20.013358,2020-08-07,1,MediaWorld,Android,Samsung,Galaxy Note20 Ultra 5G,1279.0,1329.0,12,256.0,Mono SIM,Si,Si,Bronze,Dynamic AMOLED,"6,9",No,4500.0,164.8,77.2,0.81,208.0,9,50.0,1,4.0,1
2020-08-07 08:28:47.392730,2020-08-07,1,MediaWorld,Android,Samsung,NOTE 10 LITE,479.0,629.0,6,128.0,Dual SIM,Si,N.d,White,SAMOLED,"6,7",TIM,4500.0,163.70000000000005,76.10000000000002,8.7,199.0,4,150.0,1,24.0,3
2020-08-07 08:29:12.253248,2020-08-07,1,MediaWorld,iOS,APPLE,iPhone SE 64GB,499.0,499.0,,64.0,Mono SIM,Si,Si,White,Retina,"4,7",No,,67.30000000000001,138.4,0.73,148.0,4,0.0,0,0.0,1
2020-08-07 08:29:34.304808,2020-08-07,1,MediaWorld,Android,Xiaomi,Redmi Note 9 Pro 6+128,253.99,299.0,6,128.0,Dual SIM,Si,Si,Grey,N.d,"6,67",No,5020.0,165.7,76.6,0.88,209.0,2,45.00999999999999,1,15.0,2
2020-08-07 08:30:00.803882,2020-08-07,1,MediaWorld,Android,Samsung,GALAXY S10 LITE 128GB,449.0,679.0,8,128.0,Dual SIM,Si,N.d,White,SAMOLED,"6,7",TIM,4500.0,162.5,75.6,8.1,186.0,4,230.0,1,34.0,4
2020-08-07 08:30:26.746151,2020-08-07,1,MediaWorld,Android,Huawei,P40 Lite Black,242.1,269.0,6,128.0,Dual SIM,Si,Si,Black,LCD,"6,4",No,4200.0,159.2,76.3,0.87,183.0,2,26.900000000000006,1,10.0,1
2020-08-07 08:31:10.065138,2020-08-07,1,MediaWorld,Android,Samsung,Galaxy S20+ 4G,779.0,999.0,8,128.0,Mono SIM,Si,Si,Black,Dynamic AMOLED,"6,7",No,4500.0,161.9,73.7,0.78,186.0,7,220.0,1,22.0,3
2020-08-07 08:31:38.637577,2020-08-07,1,MediaWorld,Android,Samsung,Galaxy Note 10,659.0,999.0,8,256.0,Dual SIM,Si,Si,Aura Black,Dynamic AMOLED,"6,3",No,3500.0,151.0,71.8,0.79,168.0,6,340.0,1,34.0,4
2020-08-07 08:32:00.866218,2020-08-07,1,MediaWorld,Android,Huawei,Y5p Blue,99.99,109.99,2,32.0,Dual SIM,Si,Si,Blue,LCD,"5,45",No,3020.0,146.5,79.4,0.835,144.0,1,10.0,1,9.0,1
2020-08-07 08:32:25.212006,2020-08-07,1,MediaWorld,Android,Samsung,Galaxy A21s,179.99,209.99,3,32.0,Dual SIM,Si,Si,Black,TFT,"6,5",No,5000.0,163.70000000000005,75.3,0.89,192.0,1,30.0,1,14.000000000000002,2
2020-08-07 08:32:56.027129,2020-08-07,1,MediaWorld,Android,Xiaomi,Redmi Note 9 4+128 Green,194.65,229.0,4,128.0,Dual SIM,Si,Si,Green,N.d,"6,53",No,5020.0,162.3,77.2,0.89,199.0,1,34.349999999999994,1,15.0,2
2020-08-07 08:33:25.136573,2020-08-07,1,MediaWorld,Android,Motorola,G Pro,249.99,349.0,4,128.0,Dual SIM,Si,Si,Blue,LCD,"6,4",No,4000.0,155.0,75.8,0.92,192.0,2,99.00999999999999,1,28.000000000000004,3
2020-08-07 08:33:58.524798,2020-08-07,1,MediaWorld,Android,Samsung,Galaxy Note10 Lite,479.0,629.0,6,128.0,Dual SIM,Si,N.d,Aura Black,SAMOLED,"6,7",No,4500.0,163.70000000000005,76.10000000000002,8.7,199.0,4,150.0,1,24.0,3
2020-08-07 08:34:23.486148,2020-08-07,1,MediaWorld,Android,Huawei,Y5p Black,94.99,109.99,2,32.0,Dual SIM,Si,Si,Black,LCD,"5,45",No,3020.0,146.5,79.4,0.835,144.0,1,15.0,1,14.000000000000002,2
2020-08-07 08:34:45.616892,2020-08-07,1,MediaWorld,Android,Samsung,Galaxy S20 Ultra 5G,1299.0,1379.0,12,128.0,Mono SIM,Si,Si,Black,Dynamic AMOLED,"6,9",No,5000.0,1669.0,76.0,0.88,220.0,9,80.0,1,6.0,1
2020-08-07 08:35:11.505228,2020-08-07,1,MediaWorld,Android,Samsung,Galaxy Note 10,659.0,999.0,8,256.0,Dual SIM,Si,Si,Aura Glow,Dynamic AMOLED,"6,3",No,3500.0,151.0,71.8,0.79,168.0,6,340.0,1,34.0,4
2020-08-07 08:35:41.258925,2020-08-07,1,MediaWorld,Android,Oppo,Reno 2Z,265.99,349.0,8,128.0,Dual SIM,Si,Si,White,AMOLED,"6,5",No,4000.0,161.8,75.8,0.87,195.0,2,83.00999999999999,1,24.0,3
2020-08-07 08:36:06.917424,2020-08-07,1,MediaWorld,iOS,APPLE,iPhone XR 64GB,628.15,739.0,3,64.0,Mono SIM,Si,Si,Blue,LCD,"6,1",N.d,2942.0,150.9,75.7,0.83,194.0,6,110.85000000000002,1,15.0,2
2020-08-07 08:36:29.779751,2020-08-07,1,MediaWorld,Android,Huawei,P40 Lite Green,242.1,269.0,6,128.0,Dual SIM,Si,Si,Green,LCD,"6,4",No,4200.0,159.2,76.3,0.87,183.0,2,26.900000000000006,1,10.0,1
2020-08-07 08:36:56.847365,2020-08-07,1,MediaWorld,iOS,APPLE,iPhone 11 Pro Max 256GB,1306.0,1459.0,,256.0,Dual SIM,Si,Si,Gold,OLED,"6,5",No,,158.0,77.8,0.81,226.0,9,153.0,1,10.0,1
2020-08-07 08:37:18.805275,2020-08-07,1,MediaWorld,Android,Xiaomi,Redmi Note 9 4+128 White,194.65,229.0,4,128.0,Dual SIM,Si,Si,White,N.d,"6,53",No,5020.0,162.3,77.2,0.89,199.0,1,34.349999999999994,1,15.0,2
2020-08-07 08:37:40.382212,2020-08-07,1,MediaWorld,iOS,APPLE,iPhone XR 128GB,719.0,789.0,3,128.0,Mono SIM,Si,Si,Black,LCD,"6,1",N.d,2942.0,150.9,75.7,0.83,194.0,7,70.0,1,9.0,1
2020-08-07 08:38:07.545356,2020-08-07,1,MediaWorld,Android,Huawei,Y6 2019,104.99,129.99,2,32.0,Dual SIM,Si,Si,Blue,LCD,"6,09",N.d,3020.0,156.2,73.5,0.8,150.0,1,25.000000000000014,1,19.0,2
2020-08-07 08:38:29.844713,2020-08-07,1,MediaWorld,Android,Samsung,Galaxy A41,239.99,299.99,4,64.0,Dual SIM,Si,Si,White,SAMOLED,"6,1",No,3500.0,149.9,69.80000000000001,0.79,152.0,2,60.0,1,20.0,2
2020-08-07 08:38:52.546846,2020-08-07,1,MediaWorld,Android,Samsung,Galaxy S20+ 4G,779.0,999.0,8,128.0,Mono SIM,Si,Si,Blue,Dynamic AMOLED,"6,7",No,4500.0,161.9,73.7,0.78,186.0,7,220.0,1,22.0,3
2020-08-07 08:39:20.206317,2020-08-07,1,MediaWorld,Android,Huawei,p smart 2019,149.25,199.0,3,64.0,Dual SIM,Si,Si,Blue,LCD,"6,21",N.d,3400.0,155.2,73.4,0.79,160.0,1,49.75,1,25.0,3
2020-08-07 08:39:46.133451,2020-08-07,1,MediaWorld,Android,Oppo,A9 2020,179.99,229.0,4,128.0,Dual SIM,Si,Si,Green,LCD,"6,5",No,5000.0,163.6,75.6,0.91,195.0,1,49.00999999999999,1,21.0,3
2020-08-07 08:40:15.257483,2020-08-07,1,MediaWorld,Android,Samsung,Galaxy S10+,679.0,879.0,8,128.0,Dual SIM,Si,Si,Ceramic White,Dynamic AMOLED,"6,4",No,4100.0,157.6,74.1,0.78,175.0,6,200.0,1,23.0,3
2020-08-07 08:40:43.363285,2020-08-07,1,MediaWorld,Android,Samsung,Galaxy S10 Lite,469.0,679.0,8,128.0,Dual SIM,Si,N.d,Black,SAMOLED,"6,7",No,4500.0,162.5,75.6,8.1,186.0,4,210.0,1,31.0,4
2020-08-07 08:41:06.134103,2020-08-07,1,MediaWorld,Android,Samsung,Galaxy S20+ 5G,1044.0,1129.0,12,128.0,Mono SIM,Si,Si,Black,Dynamic AMOLED,"6,7",No,4500.0,161.9,73.7,0.78,186.0,9,85.0,1,8.0,1
2020-08-07 08:41:29.344672,2020-08-07,1,MediaWorld,Android,Samsung,Galaxy Note20 Ultra 5G,1279.0,1329.0,12,256.0,Mono SIM,Si,Si,Black,Dynamic AMOLED,"6,9",No,4500.0,164.8,77.2,0.81,208.0,9,50.0,1,4.0,1
2020-08-07 08:41:55.801431,2020-08-07,1,MediaWorld,Android,Motorola,Moto G8 power,201.99,249.99,4,64.0,Dual SIM,Si,Si,Black,LCD,"6,4",No,5000.0,155.0,75.0,0.96,197.0,2,48.0,1,19.0,2
2020-08-07 08:42:17.912794,2020-08-07,1,MediaWorld,Android,Huawei,P30 LITE,194.35,299.0,4,128.0,Dual SIM,Si,Si,Black,LCD,"6,15",N.d,3340.0,152.89999999999995,72.69999999999997,0.74,159.0,1,104.65,1,35.0,4
2020-08-07 08:42:46.932643,2020-08-07,1,MediaWorld,Android,Xiaomi,Redmi Note 9 4+128 Grey,194.65,229.0,4,128.0,Dual SIM,Si,Si,Grey,N.d,"6,53",No,5020.0,162.3,77.2,0.89,199.0,1,34.349999999999994,1,15.0,2
2020-08-07 08:43:24.118969,2020-08-07,1,MediaWorld,Android,Huawei,P40 Lite 5G Black,329.0,399.0,6,128.0,Dual SIM,Si,Si,Black,N.d,"6,5",No,4000.0,162.3,75.0,0.858,189.0,3,70.0,1,18.0,2
2020-08-07 08:43:51.513444,2020-08-07,1,MediaWorld,Android,Xiaomi,XIAOMI REDMI 8 OC,129.99,169.99,4,64.0,Dual SIM,Si,No,Sapphire Blue,LCD,"6,2",WindTre,5000.0,156.5,75.4,0.94,191.0,1,40.0,1,24.0,3
2020-08-07 08:44:18.496705,2020-08-07,1,MediaWorld,Android,Samsung,Galaxy S20+ 4G,779.0,999.0,8,128.0,Mono SIM,Si,Si,Grey,Dynamic AMOLED,"6,7",No,4500.0,161.9,73.7,0.78,186.0,7,220.0,1,22.0,3
2020-08-07 08:44:47.620903,2020-08-07,1,MediaWorld,Android,Xiaomi,Mi Note 10,399.0,599.0,6,128.0,Dual SIM,Si,Si,Green,AMOLED,"6,47",No,5260.0,157.79999999999995,74.2,0.96,208.0,3,200.0,1,33.0,4
2020-08-07 08:45:09.828866,2020-08-07,1,MediaWorld,Android,Xiaomi,Redmi Note 8 Pro 6+128,227.99,299.0,6,128.0,Dual SIM,Si,N.d,Green,LCD,"6,53",No,4500.0,161.29999999999995,76.39999999999998,0.87,,2,71.00999999999999,1,24.0,3
2020-08-07 08:45:31.949301,2020-08-07,1,MediaWorld,Android,Xiaomi,Redmi Note 8 T White,169.99,189.0,4,64.0,Dual SIM,Si,Si,Moonlight White,LCD,"6,3",No,4000.0,,,,,1,19.00999999999999,1,10.0,1
2020-08-07 08:45:55.587773,2020-08-07,1,MediaWorld,Android,Xiaomi,REDMI 9 GREY NO ETIC,169.99,169.99,4,64.0,Dual SIM,Si,No,Grey,LCD,"6,53",WindTre,5020.0,163.0,77.0,0.91,198.0,1,0.0,0,0.0,1
2020-08-07 08:46:19.733591,2020-08-07,1,MediaWorld,iOS,APPLE,iPhone SE 256GB,669.0,669.0,,256.0,Mono SIM,Si,Si,Black,Retina,"4,7",No,,67.30000000000001,138.4,0.73,148.0,6,0.0,0,0.0,1
2020-08-07 08:46:47.432403,2020-08-07,1,MediaWorld,Android,Oppo,A52,169.99,199.99,4,64.0,Dual SIM,Si,Si,Black,LCD,"6,5",N.d,5000.0,162.0,75.5,0.89,192.0,1,30.0,1,15.0,2
2020-08-07 08:47:13.783251,2020-08-07,1,MediaWorld,Android,Xiaomi,Mi Note 10,550.0,599.0,6,128.0,Dual SIM,Si,Si,White,AMOLED,"6,47",No,5260.0,157.79999999999995,74.2,0.96,208.0,5,49.0,1,8.0,1
2020-08-07 08:47:42.363598,2020-08-07,1,MediaWorld,Android,Huawei,P40 Pro Black,1049.0,1049.9,8,256.0,Dual SIM,Si,Si,Black,OLED,"6,58",No,4200.0,158.2,72.6,0.89,209.0,9,0.900000000000091,1,0.0,1
2020-08-07 08:48:05.500130,2020-08-07,1,MediaWorld,Android,Samsung,Galaxy A20s,149.99,179.99,3,32.0,Dual SIM,Si,N.d,Black,TFT,"6,5",No,4000.0,163.29999999999995,77.5,0.8,183.0,1,30.0,1,17.0,2
2020-08-07 08:48:27.336313,2020-08-07,1,MediaWorld,Android,Xiaomi,REDMI 9 PURPLE NO ETIC,169.99,169.99,4,64.0,Dual SIM,Si,No,Purple,LCD,"6,53",WindTre,5020.0,163.0,77.0,0.91,198.0,1,0.0,0,0.0,1
2020-08-07 08:48:50.293456,2020-08-07,1,MediaWorld,Android,Huawei,Y6s,132.99,149.99,3,32.0,Dual SIM,Si,Si,Black,LCD,"6,09",No,3020.0,156.2,73.5,0.8,150.0,1,17.0,1,11.0,2
2020-08-07 08:49:19.126589,2020-08-07,1,MediaWorld,Android,Samsung,Samsung Galaxy A51 black,269.25,359.0,4,128.0,Dual SIM,Si,Si,Black,SAMOLED,"6,5",WindTre,4000.0,158.5,73.60000000000002,0.79,172.0,2,89.75,1,25.0,3
2020-08-07 08:49:47.795876,2020-08-07,1,MediaWorld,Android,Samsung,Galaxy S10+,679.0,879.0,8,128.0,Dual SIM,Si,Si,Ceramic Black,Dynamic AMOLED,"6,4",No,4100.0,157.6,74.1,0.78,175.0,6,200.0,1,23.0,3
2020-08-07 08:50:14.953829,2020-08-07,1,MediaWorld,Android,Motorola,E6 Play,91.99,119.0,2,32.0,Dual SIM,Si,Si,Black,LCD,"5,45",No,3000.0,146.5,70.9,0.83,145.0,1,27.010000000000005,1,23.0,3
2020-08-07 08:50:42.611842,2020-08-07,1,MediaWorld,Android,Samsung,Galaxy S10 Lite,457.0,679.0,8,128.0,Dual SIM,Si,N.d,White,SAMOLED,"6,7",No,4500.0,162.5,75.6,8.1,186.0,4,222.0,1,33.0,4
2020-08-07 08:51:12.016121,2020-08-07,1,MediaWorld,Android,Oppo,A52,169.99,199.99,4,64.0,Dual SIM,Si,Si,White,LCD,"6,5",N.d,5000.0,162.0,75.5,0.89,192.0,1,30.0,1,15.0,2
2020-08-07 08:51:40.349310,2020-08-07,1,MediaWorld,Android,Samsung,GALAXY Z FLIP,1299.0,1499.0,8,256.0,Mono SIM,Si,Si,Purple,Dynamic AMOLED,"6,7",No,3300.0,167.3,73.60000000000002,0.69,183.0,9,200.0,1,13.0,2
2020-08-07 08:52:07.349521,2020-08-07,1,MediaWorld,Android,Samsung,Galaxy A31,241.99,299.99,4,64.0,Dual SIM,Si,N.d,Black,SAMOLED,"6,4",No,5000.0,159.3,73.1,0.86,185.0,2,58.0,1,19.0,2
2020-08-07 08:52:36.466101,2020-08-07,1,MediaWorld,Android,Samsung,Galaxy Note20 5G,1079.0,1079.0,8,256.0,Mono SIM,Si,Si,Green,SAMOLED,"6,7",No,4300.0,161.6,75.19999999999997,0.83,192.0,9,0.0,0,0.0,1
2020-08-07 08:53:04.406463,2020-08-07,1,MediaWorld,Android,Samsung,Galaxy Note20,929.0,979.0,8,256.0,Mono SIM,Si,Si,Bronze,SAMOLED,"6,7",No,4300.0,161.6,75.19999999999997,0.83,192.0,9,50.0,1,5.0,1
2020-08-07 08:53:31.817391,2020-08-07,1,MediaWorld,Android,Samsung,Galaxy Note20,929.0,979.0,8,256.0,Mono SIM,Si,Si,Grey,SAMOLED,"6,7",No,4300.0,161.6,75.19999999999997,0.83,192.0,9,50.0,1,5.0,1
2020-08-07 08:53:54.330189,2020-08-07,1,MediaWorld,Android,Oppo,Find X2 Lite,422.0,499.0,8,128.0,Mono SIM,Si,Si,Black,AMOLED,"6,4",No,4025.0,160.3,74.3,0.7959999999999999,180.0,4,77.0,1,15.0,2
2020-08-07 08:54:15.867747,2020-08-07,1,MediaWorld,Android,Samsung,Galaxy S10,579.0,779.0,8,128.0,Dual SIM,Si,Si,Green,Dynamic AMOLED,"6,1",No,3400.0,149.9,70.4,0.78,157.0,5,200.0,1,26.0,3
2020-08-07 08:54:38.977434,2020-08-07,1,MediaWorld,Android,Wiko,Y50,55.99,69.99,1,16.0,Dual SIM,Si,Si,Blue,N.d,5,No,2200.0,146.0,73.5,0.87,160.0,1,13.999999999999993,1,20.0,2
2020-08-07 08:55:00.069573,2020-08-07,1,MediaWorld,iOS,APPLE,iPhone 11 Pro Max 512GB,1689.0,1689.0,,512.0,Mono SIM,Si,Si,Gold,OLED,"6,5",No,,158.0,77.8,0.81,226.0,9,0.0,0,0.0,1
2020-08-07 08:55:22.065185,2020-08-07,1,MediaWorld,Android,Samsung,Galaxy S10,579.0,779.0,8,128.0,Dual SIM,Si,Si,White,Dynamic AMOLED,"6,1",No,3400.0,149.9,70.4,0.78,157.0,5,200.0,1,26.0,3
2020-08-07 08:55:49.743303,2020-08-07,1,MediaWorld,Android,Huawei,Y6p Green,135.15,159.0,3,64.0,Dual SIM,Si,Si,Green,LCD,"6,3",No,5000.0,159.0,74.6,0.9,185.0,1,23.849999999999994,1,15.0,2
2020-08-07 08:56:15.074533,2020-08-07,1,MediaWorld,iOS,APPLE,iPhone XR 64GB,628.15,739.0,3,64.0,Mono SIM,Si,Si,Black,LCD,"6,1",N.d,2942.0,150.9,75.7,0.83,194.0,6,110.85000000000002,1,15.0,2
2020-08-07 08:56:41.064060,2020-08-07,1,MediaWorld,Android,Huawei,P30 Pro,573.0,799.0,8,128.0,Dual SIM,Si,N.d,Black,OLED,"6,47",No,4200.0,158.0,73.4,0.84,192.0,5,226.0,1,28.000000000000004,3
2020-08-07 08:57:09.450986,2020-08-07,1,MediaWorld,Android,Samsung,Galaxy A31,241.99,299.99,4,64.0,Dual SIM,Si,N.d,Blue,SAMOLED,"6,4",No,5000.0,159.3,73.1,0.86,185.0,2,58.0,1,19.0,2
2020-08-07 08:57:35.361520,2020-08-07,1,MediaWorld,iOS,APPLE,iPhone 11 256GB,1009.0,1009.0,,256.0,Mono SIM,Si,Si,Red,Retina,"6,1",No,,150.9,75.7,0.83,194.0,9,0.0,0,0.0,1
2020-08-07 08:57:58.934990,2020-08-07,1,MediaWorld,Android,Huawei,P Smart S Crystal,199.99,259.99,4,128.0,Dual SIM,Si,Si,Breathing Crystal,OLED,"6,3",No,4000.0,157.4,73.2,0.775,163.0,1,60.0,1,23.0,3
2020-08-07 08:58:23.177662,2020-08-07,1,MediaWorld,Android,Huawei,Y6p Black,135.15,159.0,3,64.0,Dual SIM,Si,Si,Black,LCD,"6,3",No,5000.0,159.0,74.6,0.9,185.0,1,23.849999999999994,1,15.0,2
2020-08-07 08:58:43.952828,2020-08-07,1,MediaWorld,Android,Samsung,GALAXY A30S WHITE 128 GB,179.0,189.99,4,128.0,Dual SIM,Si,Si,White,SAMOLED,"6,4",No,4000.0,158.5,74.7,0.78,169.0,1,10.990000000000009,1,6.0,1
2020-08-07 08:59:10.540162,2020-08-07,1,MediaWorld,Android,Oppo,A72,231.99,279.0,4,128.0,Dual SIM,Si,Si,Purple,LCD,"6,5",No,5000.0,162.0,75.5,0.89,192.0,2,47.00999999999999,1,17.0,2
2020-08-07 08:59:54.376397,2020-08-07,1,MediaWorld,Android,Oppo,RENO Z,199.99,319.0,4,128.0,Dual SIM,Si,Si,Aurora,AMOLED,"6,4",No,4035.0,157.3,74.9,0.91,186.0,1,119.00999999999999,1,37.0,4
2020-08-07 09:00:17.594683,2020-08-07,1,MediaWorld,iOS,APPLE,iPhone SE 256GB,669.0,669.0,,256.0,Mono SIM,Si,Si,White,Retina,"4,7",No,,67.30000000000001,138.4,0.73,148.0,6,0.0,0,0.0,1
2020-08-07 09:00:41.203759,2020-08-07,1,MediaWorld,Android,Huawei,P40 Pro+ 5G Black,1399.0,1399.0,8,512.0,Dual SIM,Si,Si,Black,OLED,"6,58",No,4200.0,158.2,72.6,0.9,226.0,9,0.0,0,0.0,1
2020-08-07 09:01:04.848235,2020-08-07,1,MediaWorld,iOS,APPLE,iPhone XR 64GB,628.15,739.0,3,64.0,Mono SIM,Si,Si,Red,LCD,"6,1",N.d,2942.0,150.9,75.7,0.83,194.0,6,110.85000000000002,1,15.0,2
2020-08-07 09:01:33.853550,2020-08-07,1,MediaWorld,iOS,APPLE,iPhone 11 Pro Max 512GB,1460.0,1689.0,,512.0,Mono SIM,Si,Si,Green,OLED,"6,5",No,,158.0,77.8,0.81,226.0,9,229.0,1,14.000000000000002,2
2020-08-07 09:01:58.304865,2020-08-07,1,MediaWorld,Android,Huawei,P30 Pro,569.0,799.0,8,128.0,Dual SIM,Si,N.d,Mystic Blue,OLED,"6,47",N.d,4200.0,158.0,73.4,0.84,192.0,5,230.0,1,28.999999999999996,3
2020-08-07 09:02:26.855355,2020-08-07,1,MediaWorld,Android,Oppo,Reno 2,349.0,449.0,8,256.0,Dual SIM,Si,Si,Blue,AMOLED,"6,5",No,4000.0,160.0,74.3,0.95,189.0,3,100.0,1,22.0,3
2020-08-07 09:02:53.080893,2020-08-07,1,MediaWorld,Android,Wiko,Y61,89.99,89.99,1,16.0,Dual SIM,Si,Si,Grey,N.d,"5,99",No,3000.0,161.0,78.0,1.4,190.0,1,0.0,0,0.0,1
2020-08-07 09:03:17.859629,2020-08-07,1,MediaWorld,Android,Huawei,P Smart 2020 Green,179.99,199.99,4,128.0,Dual SIM,Si,Si,Green,LCD,"6,21",No,3400.0,155.29999999999995,73.5,0.82,163.0,1,20.0,1,10.0,1
2020-08-07 09:03:40.135413,2020-08-07,1,MediaWorld,Android,LG,K40S,106.99,149.99,2,32.0,Dual SIM,Si,Si,Black,LCD,"6,1",No,3500.0,156.3,73.89999999999998,0.86,173.0,1,43.000000000000014,1,28.999999999999996,3
2020-08-07 09:04:05.756709,2020-08-07,1,MediaWorld,Android,Motorola,E6 Plus 4/64,129.99,169.99,4,64.0,Dual SIM,Si,Si,Blue,LCD,"6,1",No,3000.0,155.6,73.1,0.86,155.0,1,40.0,1,24.0,3
2020-08-07 09:04:27.807391,2020-08-07,1,MediaWorld,Android,Wiko,VIEW 4,145.99,159.99,3,64.0,Dual SIM,Si,Si,Green,Standard,"6,52",No,5000.0,165.7,75.8,0.885,180.0,1,14.0,1,9.0,1
2020-08-07 09:04:50.897652,2020-08-07,1,MediaWorld,Android,Oppo,RENO Z,199.99,319.0,4,128.0,Dual SIM,Si,Si,Black,AMOLED,"6,4",No,4035.0,157.3,74.9,0.91,186.0,1,119.00999999999999,1,37.0,4
2020-08-07 09:05:11.427438,2020-08-07,1,MediaWorld,iOS,APPLE,iPhone 11 256GB,1009.0,1009.0,,256.0,Mono SIM,Si,Si,Green,Retina,"6,1",No,,150.9,75.7,0.83,194.0,9,0.0,0,0.0,1
2020-08-07 09:05:33.095642,2020-08-07,1,MediaWorld,Android,SONY,Xperia 5 Black,799.0,799.0,6,128.0,Dual SIM,Si,Si,Black,OLED,"6,1",No,3140.0,158.0,68.0,0.82,164.0,7,0.0,0,0.0,1
2020-08-07 09:05:56.481435,2020-08-07,1,MediaWorld,Android,Huawei,Nova 5T,429.0,429.0,6,128.0,Dual SIM,Si,Si,Black,LCD,"6,26",No,3750.0,154.25,73.97,0.787,174.0,4,0.0,0,0.0,1
2020-08-07 09:06:21.135885,2020-08-07,1,MediaWorld,Android,Huawei,Nova 5T,429.0,429.0,6,128.0,Dual SIM,Si,Si,Crush Blue,LCD,"6,26",No,3750.0,154.25,73.97,0.787,174.0,4,0.0,0,0.0,1
2020-08-07 09:06:45.124528,2020-08-07,1,MediaWorld,Android,Motorola,E6 Play,99.99,119.0,2,32.0,Dual SIM,Si,Si,Blue,LCD,"5,45",No,3000.0,146.5,70.9,0.83,145.0,1,19.010000000000005,1,16.0,2
2020-08-07 09:07:06.972528,2020-08-07,1,MediaWorld,Android,Huawei,Mate 30 Pro Silver,679.0,1099.0,8,256.0,Dual SIM,Si,Si,Silver,OLED,"6,53",N.d,4500.0,158.1,73.1,0.88,198.0,6,420.0,1,38.0,4
2020-08-07 09:07:28.363852,2020-08-07,1,MediaWorld,Android,Wiko,Y61,89.99,89.99,1,16.0,Dual SIM,Si,Si,Grey,N.d,"5,99",No,3000.0,161.0,78.0,1.4,190.0,1,0.0,0,0.0,1
2020-08-07 09:07:56.249397,2020-08-07,1,MediaWorld,Android,Huawei,P30 Pro New Edit Black,849.0,849.0,8,256.0,Dual SIM,Si,Si,Black,OLED,"6,47",No,4200.0,158.0,73.4,0.841,192.0,8,0.0,0,0.0,1
2020-08-07 09:08:20.436090,2020-08-07,1,MediaWorld,iOS,APPLE,iPhone SE 64GB,669.0,728.99,,64.0,Mono SIM,Si,Si,Red,Retina,"4,7",No,,101.0,101.0,3.4,190.0,6,59.99000000000001,1,8.0,1
2020-08-07 09:08:47.247804,2020-08-07,1,MediaWorld,iOS,APPLE,iPhone SE 128GB,749.0,818.0,,128.0,Mono SIM,Si,Si,Black,Retina,"4,7",No,,42.5,36.4,1.14,32.0,7,69.0,1,8.0,1
2020-08-07 09:09:20.462005,2020-08-07,1,MediaWorld,Android,Huawei,P Smart 2020 Blue,177.99,199.99,4,128.0,Dual SIM,Si,Si,Blue,LCD,"6,21",No,3400.0,155.29999999999995,73.5,0.82,163.0,1,22.0,1,11.0,2
2020-08-07 09:09:44.272896,2020-08-07,1,MediaWorld,Android,Huawei,P Smart 2020 Black,179.99,199.99,4,128.0,Dual SIM,Si,Si,Black,LCD,"6,21",No,3400.0,155.29999999999995,73.5,0.82,163.0,1,20.0,1,10.0,1
2020-08-07 09:10:27.447713,2020-08-07,1,MediaWorld,Android,Xiaomi,Mi 9 6+128/Piano Black,370.0,529.0,6,128.0,Dual SIM,Si,Si,Black,AMOLED,"6,39",N.d,3300.0,,,,,3,159.0,1,30.0,3
2020-08-07 09:11:07.206881,2020-08-07,1,MediaWorld,iOS,APPLE,iPhone SE 64GB,669.0,728.99,,64.0,Mono SIM,Si,Si,Black,Retina,"4,7",No,,101.0,101.0,3.4,190.0,6,59.99000000000001,1,8.0,1
2020-08-07 09:11:38.070028,2020-08-07,1,MediaWorld,iOS,APPLE,iPhone SE 64GB,669.0,728.99,,64.0,Mono SIM,Si,Si,White,Retina,"4,7",No,,101.0,101.0,3.4,190.0,6,59.99000000000001,1,8.0,1
2020-08-07 09:12:04.488217,2020-08-07,1,MediaWorld,iOS,APPLE,iPhone SE 128GB,749.0,818.0,,128.0,Mono SIM,Si,Si,White,Retina,"4,7",No,,42.5,36.4,1.14,32.0,7,69.0,1,8.0,1
2020-08-07 09:12:38.571531,2020-08-07,1,MediaWorld,iOS,APPLE,iPhone SE 128GB,749.0,818.0,,128.0,Mono SIM,Si,Si,Red,Retina,"4,7",No,,42.5,36.4,1.14,32.0,7,69.0,1,8.0,1
2020-08-07 09:13:11.271131,2020-08-07,1,MediaWorld,Android,Huawei,P SMART+ 2019,179.99,259.99,3,64.0,Dual SIM,Si,Si,Black,LCD,"6,21",N.d,3400.0,,,,,1,80.0,1,31.0,4
2020-08-07 09:13:35.715343,2020-08-07,1,MediaWorld,Android,Wiko,Y60,79.99,79.99,1,16.0,Dual SIM,Si,Si,Blue,Standard,"5,45",No,2500.0,146.8,71.8,0.93,177.0,1,0.0,0,0.0,1
2020-08-07 09:14:02.604415,2020-08-07,1,MediaWorld,Android,Xiaomi,Mi 10 Lite 5G 6+128 Grey,359.0,399.0,6,128.0,Dual SIM,Si,Si,Grey,AMOLED,"6,57",No,4160.0,137.10000000000002,74.7,0.79,192.0,3,40.0,1,10.0,1
2020-08-07 09:14:30.086474,2020-08-07,1,MediaWorld,Android,Motorola,Moto G8 power,199.99,249.99,4,64.0,Dual SIM,Si,Si,Blue,LCD,"6,4",No,5000.0,155.0,75.0,0.96,197.0,1,50.0,1,20.0,2
2020-08-07 09:14:56.358227,2020-08-07,1,MediaWorld,Android,ALCATEL,ALCATEL 1,59.99,79.99,1,8.0,Dual SIM,Si,Si,Black,LCD,5,No,2000.0,137.6,65.7,0.98,134.0,1,19.999999999999993,1,25.0,3
2020-08-07 09:15:25.281514,2020-08-07,1,MediaWorld,Android,ALCATEL,ALCATEL 1,59.99,79.99,1,8.0,Dual SIM,Si,Si,Blue,LCD,5,No,2000.0,137.6,65.7,0.98,134.0,1,19.999999999999993,1,25.0,3
2020-08-07 09:15:46.132016,2020-08-07,1,MediaWorld,iOS,APPLE,iPhone XR 128GB Yellow,629.0,789.0,3,128.0,Mono SIM,Si,Si,Yellow,LCD,"6,1",N.d,2942.0,150.9,75.7,0.83,194.0,6,160.0,1,20.0,2
2020-08-07 09:16:14.791491,2020-08-07,1,MediaWorld,iOS,APPLE,iPhone XR 256GB,699.0,909.0,3,256.0,Mono SIM,Si,Si,Red,LCD,"6,1",N.d,2942.0,150.9,75.7,0.83,194.0,6,210.0,1,23.0,3
2020-08-07 09:16:40.824426,2020-08-07,1,MediaWorld,iOS,APPLE,iPhone XR 256GB,699.0,909.0,3,256.0,Mono SIM,Si,Si,Black,LCD,"6,1",N.d,2942.0,150.9,75.7,0.83,194.0,6,210.0,1,23.0,3
2020-08-07 09:17:02.455389,2020-08-07,1,MediaWorld,iOS,APPLE,iPhone XR 256GB,699.0,909.0,3,256.0,Mono SIM,Si,Si,Blue,LCD,"6,1",N.d,2942.0,150.9,75.7,0.83,194.0,6,210.0,1,23.0,3
2020-08-07 09:17:26.066560,2020-08-07,1,MediaWorld,iOS,APPLE,iPhone XR 256GB,699.0,909.0,3,256.0,Mono SIM,Si,Si,White,LCD,"6,1",N.d,2942.0,150.9,75.7,0.83,194.0,6,210.0,1,23.0,3
2020-08-07 09:17:48.123774,2020-08-07,1,MediaWorld,iOS,APPLE,iPhone XR 256GB,699.0,909.0,3,256.0,Mono SIM,Si,Si,Yellow,LCD,"6,1",N.d,2942.0,150.9,75.7,0.83,194.0,6,210.0,1,23.0,3
2020-08-07 09:18:15.961334,2020-08-07,1,MediaWorld,iOS,APPLE,iPhone XR 256GB,909.0,909.0,3,256.0,Mono SIM,Si,Si,Coral,LCD,"6,1",N.d,2942.0,150.9,75.7,0.83,194.0,9,0.0,0,0.0,1
2020-08-07 09:18:36.913093,2020-08-07,1,MediaWorld,iOS,APPLE,iPhone XR 64GB,628.15,739.0,3,64.0,Mono SIM,Si,Si,Coral,LCD,"6,1",N.d,2942.0,150.9,75.7,0.83,194.0,6,110.85000000000002,1,15.0,2
2020-08-07 09:19:00.924735,2020-08-07,1,MediaWorld,Android,Samsung,Galaxy S10,649.0,1179.0,8,512.0,Dual SIM,Si,Si,White,Dynamic AMOLED,"6,1",No,3400.0,149.9,70.4,0.78,157.0,6,530.0,1,45.0,5
2020-08-07 09:19:29.781580,2020-08-07,1,MediaWorld,Android,Samsung,Galaxy S10+,724.0,1279.0,8,512.0,Dual SIM,Si,Si,Ceramic White,Dynamic AMOLED,"6,4",No,4100.0,157.6,74.1,0.78,175.0,7,555.0,1,43.0,5
2020-08-07 09:19:54.508484,2020-08-07,1,MediaWorld,Android,SONY,Xperia X10 Navy,229.99,349.0,3,64.0,Dual SIM,Si,Si,Blue,LCD,6,No,2870.0,156.0,68.0,0.84,162.0,2,119.00999999999999,1,34.0,4
2020-08-07 09:20:16.034746,2020-08-07,1,MediaWorld,Android,SONY,Xperia X10 Silver,229.99,349.0,3,64.0,Dual SIM,Si,Si,Silver,LCD,6,No,2870.0,156.0,68.0,0.84,162.0,2,119.00999999999999,1,34.0,4
2020-08-07 09:20:39.054275,2020-08-07,1,MediaWorld,Android,SONY,Xperia X10 Black,249.99,379.0,3,64.0,Dual SIM,Si,Si,Black,LCD,6,No,2870.0,156.0,68.0,0.84,162.0,2,129.01,1,34.0,4
2020-08-07 09:21:02.649262,2020-08-07,1,MediaWorld,Android,SONY,Xperia X10 Plus Black,429.0,429.0,4,64.0,Dual SIM,Si,Si,Black,LCD,"6,5",No,3000.0,167.0,73.0,0.83,180.0,4,0.0,0,0.0,1
2020-08-07 09:21:23.771120,2020-08-07,1,MediaWorld,Android,Huawei,P30 Pro,849.0,849.0,8,128.0,Dual SIM,Si,N.d,Amber Sunrise,OLED,"6,47",No,4200.0,158.0,73.4,0.84,192.0,8,0.0,0,0.0,1
2020-08-07 09:21:50.242541,2020-08-07,1,MediaWorld,Android,LG,K40 Dual,119.99,179.99,2,32.0,Dual SIM,Si,Si,Grey,LCD,"5,7",No,3000.0,71.9,153.0,0.83,144.0,1,60.000000000000014,1,33.0,4
2020-08-07 09:22:17.835133,2020-08-07,1,MediaWorld,Android,ALCATEL,3C,129.99,129.99,1,16.0,Dual SIM,Si,Si,Gold,LCD,6,No,3000.0,161.0,76.0,0.79,169.0,1,0.0,0,0.0,1
2020-08-07 09:22:39.749405,2020-08-07,1,MediaWorld,Android,Samsung,XCover 4s,269.99,269.99,3,32.0,Dual SIM,Si,Si,Black,TFT,5,No,2800.0,146.2,73.3,0.97,172.0,2,0.0,0,0.0,1
2020-08-07 09:23:04.498787,2020-08-07,1,MediaWorld,Android,SONY,Xperia 1 Black,833.0,949.0,6,128.0,Dual SIM,Si,Si,Black,OLED,"6,5",No,3330.0,167.0,72.0,0.82,178.0,8,116.0,1,12.0,2
2020-08-07 09:23:49.452188,2020-08-07,1,MediaWorld,iOS,APPLE,iPhone 11 Pro 512GB,1589.0,1589.0,,512.0,Dual SIM,Si,Si,Gold,OLED,"5,8",No,,144.0,71.39999999999998,0.81,188.0,9,0.0,0,0.0,1
2020-08-07 09:24:12.063059,2020-08-07,1,MediaWorld,Android,Huawei,P30 Pro,849.0,849.0,8,128.0,Dual SIM,Si,N.d,Misty Lavender,OLED,"6,47",N.d,4200.0,158.0,73.4,0.84,192.0,8,0.0,0,0.0,1
2020-08-07 09:24:41.018662,2020-08-07,1,MediaWorld,Android,ALCATEL,3C 2019,101.99,119.99,2,16.0,Dual SIM,Si,Si,Black,LCD,"6,7",No,3000.0,173.4,83.4,0.81,185.0,1,18.0,1,15.0,2
2020-08-07 09:25:04.123024,2020-08-07,1,MediaWorld,Android,ALCATEL,1S 64,122.99,129.9,"4,096",64.0,Dual SIM,Si,Si,Black,N.d,"5,5",No,3060.0,147.79999999999995,70.7,0.86,146.0,1,6.910000000000011,1,5.0,1
2020-08-07 09:25:28.515758,2020-08-07,1,MediaWorld,Android,Huawei,Nova 5T,429.0,429.0,6,128.0,Dual SIM,Si,Si,Midsummer Purple,LCD,"6,26",No,3750.0,154.25,73.97,0.787,174.0,4,0.0,0,0.0,1
2020-08-07 09:25:54.489537,2020-08-07,1,MediaWorld,Android,SONY,Xperia 1 Grey,882.0,949.0,6,128.0,Dual SIM,Si,Si,Grey,OLED,"6,5",No,3330.0,167.0,72.0,0.82,178.0,8,67.0,1,7.000000000000001,1
2020-08-07 09:26:16.024294,2020-08-07,1,MediaWorld,Android,LG,K50S,149.99,199.99,3,32.0,Dual SIM,Si,Si,Blue,LCD,"6,5",No,4000.0,165.79999999999995,77.5,0.82,194.0,1,50.0,1,25.0,3
2020-08-07 09:26:43.144759,2020-08-07,1,MediaWorld,Android,Motorola,E6 Plus 2/32,119.99,149.99,2,32.0,Dual SIM,Si,Si,Grey,LCD,"6,1",No,3000.0,155.6,73.1,0.86,155.0,1,30.000000000000014,1,20.0,2
2020-08-07 09:27:10.006989,2020-08-07,1,MediaWorld,Android,Motorola,One Macro,149.99,209.0,4,64.0,Dual SIM,Si,Si,Lavender,LCD,"6,2",No,4000.0,157.6,75.4,0.9,183.0,1,59.00999999999999,1,28.000000000000004,3
2020-08-07 09:27:34.755635,2020-08-07,1,MediaWorld,Android,Motorola,G8 Plus,269.99,269.99,4,64.0,Dual SIM,Si,Si,Red,LCD,"6,3",No,4000.0,158.4,75.8,0.91,179.0,2,0.0,0,0.0,1
2020-08-07 09:27:55.918098,2020-08-07,1,MediaWorld,Android,Motorola,G8 Plus,199.99,269.0,4,64.0,Dual SIM,Si,Si,Blue,LCD,"6,3",No,4000.0,158.4,75.8,0.91,179.0,1,69.00999999999999,1,26.0,3
2020-08-07 09:28:20.404381,2020-08-07,1,MediaWorld,Android,Motorola,One Action,179.99,279.99,4,128.0,Dual SIM,Si,Si,White,LCD,"6,3",No,3500.0,160.10000000000005,71.2,0.92,181.0,1,100.0,1,36.0,4
2020-08-07 09:28:47.916369,2020-08-07,1,MediaWorld,Android,Motorola,Motorola One Action,179.99,279.99,4,128.0,Dual SIM,Si,Si,Blue,LCD,"6,3",No,3500.0,160.10000000000005,71.2,0.92,181.0,1,100.0,1,36.0,4
2020-08-07 09:29:16.099827,2020-08-07,1,MediaWorld,Android,Huawei,P40 Pro Silver,1049.0,1049.9,8,256.0,Dual SIM,Si,Si,Silver,OLED,"6,58",No,4200.0,158.2,72.6,0.89,209.0,9,0.900000000000091,1,0.0,1
2020-08-07 09:29:42.770152,2020-08-07,1,MediaWorld,Android,Huawei,P40 Black,617.0,799.9,8,128.0,Dual SIM,Si,Si,Black,OLED,"6,1",No,3800.0,148.9,71.06,0.85,175.0,6,182.89999999999998,1,23.0,3
2020-08-07 09:30:09.583088,2020-08-07,1,MediaWorld,Android,Huawei,P40 Lite E Blue,159.99,199.0,4,64.0,Dual SIM,Si,Si,Blue,LCD,"6,39",No,4000.0,159.8,76.10000000000002,0.81,176.0,1,39.00999999999999,1,20.0,2
2020-08-07 09:30:30.592042,2020-08-07,1,MediaWorld,Android,Huawei,P40 Lite E Black,158.99,199.0,4,64.0,Dual SIM,Si,Si,Black,LCD,"6,39",No,4000.0,159.8,76.10000000000002,0.81,176.0,1,40.00999999999999,1,20.0,2
2020-08-07 09:30:54.037286,2020-08-07,1,MediaWorld,Android,Oppo,Find X2 Lite,449.1,499.0,8,128.0,Mono SIM,Si,Si,White,AMOLED,"6,4",No,4025.0,160.3,74.3,0.7959999999999999,180.0,4,49.89999999999998,1,10.0,1
2020-08-07 09:31:15.940867,2020-08-07,1,MediaWorld,Android,Huawei,Y6p Purple,135.15,159.0,3,64.0,Dual SIM,Si,Si,Purple,LCD,"6,3",No,5000.0,159.0,74.6,0.9,185.0,1,23.849999999999994,1,15.0,2
2020-08-07 09:31:39.826794,2020-08-07,1,MediaWorld,Android,Xiaomi,Mi 10 Lite 5G 6+128 Blue,379.0,399.0,6,128.0,Dual SIM,Si,Si,Blue,AMOLED,"6,57",No,4160.0,137.10000000000002,74.7,0.79,192.0,3,20.0,1,5.0,1
2020-08-07 09:32:06.623352,2020-08-07,1,MediaWorld,Android,Samsung,SAMSUNG GALAXY A21s,209.99,209.99,3,32.0,Dual SIM,Si,Si,Black,TFT,"6,5",Vodafone,5000.0,163.70000000000005,75.3,0.89,192.0,2,0.0,0,0.0,1
2020-08-07 09:32:35.764396,2020-08-07,1,MediaWorld,Android,Samsung,GALAXY A30S GREEN 128 GB,179.0,189.99,4,128.0,Dual SIM,Si,Si,Green,SAMOLED,"6,4",No,4000.0,158.5,74.7,0.78,169.0,1,10.990000000000009,1,6.0,1
2020-08-07 09:33:03.042222,2020-08-07,1,MediaWorld,Android,Samsung,GALAXY A30S BLACK 128 GB,179.0,189.99,4,128.0,Dual SIM,Si,Si,Black,SAMOLED,"6,4",No,4000.0,158.5,74.7,0.78,169.0,1,10.990000000000009,1,6.0,1
2020-08-07 09:33:30.085429,2020-08-07,1,MediaWorld,Android,Samsung,Galaxy Note20 5G,1079.0,1079.0,8,256.0,Mono SIM,Si,Si,Bronze,SAMOLED,"6,7",No,4300.0,161.6,75.19999999999997,0.83,192.0,9,0.0,0,0.0,1
2020-08-07 09:33:53.085773,2020-08-07,1,MediaWorld,iOS,APPLE,iPhone XR 128GB Coral,729.0,789.0,3,128.0,Mono SIM,Si,Si,Coral,LCD,"6,1",N.d,2942.0,150.9,75.7,0.83,194.0,7,60.0,1,8.0,1
2020-08-07 09:34:16.663437,2020-08-07,1,MediaWorld,iOS,APPLE,iPhone Xr 128GB Blue,729.0,789.0,3,128.0,Mono SIM,Si,Si,Blue,LCD,"6,1",N.d,2942.0,150.9,75.7,0.83,194.0,7,60.0,1,8.0,1
2020-08-07 09:34:43.722029,2020-08-07,1,MediaWorld,Android,ALCATEL,3C,109.99,109.99,1,16.0,Dual SIM,Si,Si,Blue,LCD,6,No,3000.0,161.0,76.0,0.79,169.0,1,0.0,0,0.0,1
2020-08-07 09:35:05.781406,2020-08-07,1,MediaWorld,Android,Samsung,Galaxy Fold,1949.0,2050.0,12,512.0,Mono SIM,Si,Si,Black,Dynamic AMOLED,"7,3",N.d,4380.0,160.9,117.9,0.69,263.0,9,101.0,1,5.0,1
2020-08-07 09:35:35.531235,2020-08-07,1,MediaWorld,Android,Wiko,Y60,78.99,79.99,1,16.0,Dual SIM,Si,Si,Cyan,Standard,"5,45",No,2500.0,146.8,71.8,0.93,177.0,1,1.0,1,1.0,1
2020-08-07 09:36:05.912049,2020-08-07,1,MediaWorld,Android,ALCATEL,1S,95.99,95.99,3,32.0,Dual SIM,Si,Si,Black,N.d,"5,5",No,3060.0,147.79999999999995,70.7,0.86,146.0,1,0.0,0,0.0,1
2020-08-07 09:36:31.290508,2020-08-07,1,MediaWorld,Android,Oppo,Reno 2,349.0,449.0,8,256.0,Dual SIM,Si,Si,Black,AMOLED,"6,5",No,4000.0,160.0,74.3,0.95,189.0,3,100.0,1,22.0,3
2020-08-07 09:36:59.044448,2020-08-07,1,MediaWorld,Android,Motorola,Motorola One Macro,149.99,209.0,4,64.0,Dual SIM,Si,Si,Blue,LCD,"6,2",No,4000.0,157.6,75.4,0.9,183.0,1,59.00999999999999,1,28.000000000000004,3
2020-08-07 09:37:28.093758,2020-08-07,1,MediaWorld,Android,Motorola,E6 Plus 4/64,123.99,169.99,4,64.0,Dual SIM,Si,Si,Black/Grey,LCD,"6,1",No,3000.0,155.6,73.1,0.86,155.0,1,46.000000000000014,1,27.0,3
2020-08-07 09:37:48.990409,2020-08-07,1,MediaWorld,Android,Huawei,P40 Silver,699.0,799.9,8,128.0,Dual SIM,Si,Si,Silver,OLED,"6,1",No,3800.0,148.9,71.06,0.85,175.0,6,100.89999999999998,1,13.0,2
2020-08-07 09:38:15.823899,2020-08-07,1,MediaWorld,Android,Huawei,P40 Pro Gold,1049.0,1049.9,8,256.0,Dual SIM,Si,Si,Gold,OLED,"6,58",No,4200.0,158.2,72.6,0.89,209.0,9,0.900000000000091,1,0.0,1
2020-08-07 09:38:42.855324,2020-08-07,1,MediaWorld,Android,Samsung,Galaxy Note20,929.0,979.0,8,256.0,Mono SIM,Si,Si,Green,SAMOLED,"6,7",No,4300.0,161.6,75.19999999999997,0.83,192.0,9,50.0,1,5.0,1
2020-08-07 09:39:07.091350,2020-08-07,1,MediaWorld,Android,Samsung,Galaxy Note20 5G,1029.0,1079.0,8,256.0,Mono SIM,Si,Si,Grey,SAMOLED,"6,7",No,4300.0,161.6,75.19999999999997,0.83,192.0,9,50.0,1,5.0,1
2020-08-07 09:39:28.296606,2020-08-07,1,MediaWorld,Android,ALCATEL,1S,92.99,95.99,3,32.0,Dual SIM,Si,Si,Blue,N.d,"5,5",No,3060.0,147.79999999999995,70.7,0.86,146.0,1,3.0,1,3.0,1
2020-08-07 09:39:55.048723,2020-08-07,1,MediaWorld,Android,ALCATEL,1S 64,129.99,129.99,"4,096",64.0,Dual SIM,Si,Si,Blue,N.d,"5,5",No,3060.0,147.79999999999995,70.7,0.86,146.0,1,0.0,0,0.0,1
2020-08-07 09:40:18.041873,2020-08-07,1,MediaWorld,Android,LG,K40S,119.99,149.99,2,32.0,Dual SIM,Si,Si,Blue,LCD,"6,1",No,3500.0,156.3,73.89999999999998,0.86,173.0,1,30.000000000000014,1,20.0,2
2020-08-07 09:40:41.742480,2020-08-07,1,MediaWorld,Android,Huawei,Psmart Pro Crystal,254.99,299.99,6,128.0,Dual SIM,Si,Si,Breathing Crystal,LCD,"6,59",No,4000.0,163.1,77.2,0.88,206.0,2,45.0,1,15.0,2
2020-08-07 09:41:05.682629,2020-08-07,1,MediaWorld,Android,Huawei,P40 Gold,699.0,799.9,8,128.0,Dual SIM,Si,Si,Gold,OLED,"6,1",No,3800.0,148.9,71.06,0.85,175.0,6,100.89999999999998,1,13.0,2
2020-08-07 09:41:33.261808,2020-08-07,1,MediaWorld,Android,Xiaomi,Xiaomi Mi 10 8+256 Green,751.0,899.0,8,256.0,Mono SIM,Si,Si,Green,OLED,"6,67",No,4780.0,74.80000000000003,162.5,0.93,210.0,7,148.0,1,16.0,2
2020-08-07 09:41:59.609836,2020-08-07,1,MediaWorld,Android,Xiaomi,Xiaomi Mi 10 8+256 Grey,751.0,899.0,8,256.0,Mono SIM,Si,Si,Grey,OLED,"6,67",No,4780.0,74.80000000000003,162.5,0.93,210.0,7,148.0,1,16.0,2
2020-08-07 09:42:22.314553,2020-08-07,1,MediaWorld,Android,Xiaomi,Mi 10 Lite 5G 6+128 White,379.0,399.0,6,128.0,Dual SIM,Si,Si,White,AMOLED,"6,57",No,4160.0,137.10000000000002,74.7,0.79,192.0,3,20.0,1,5.0,1
2020-08-13 20:19:57.496644,2020-08-13,2,Unieuro,iOS,APPLE,iPhone 11 128,799.0,889.0,,128.0,Dual SIM,Si,Si,Black,LCD,6.1,No,,150.9,75.7,8.3,194.0,7,90.0,1,10.0,1
2020-08-13 20:20:39.722037,2020-08-13,2,Unieuro,iOS,APPLE,iPhone XS Max 64GB Grigio siderale,749.0,1289.0,,64.0,Dual SIM,Si,Si,Grey,OLED,6.5,No,,157.5,77.4,7.7,208.0,7,540.0,1,42.0,5
2020-08-13 20:21:24.070501,2020-08-13,2,Unieuro,iOS,APPLE,iPhone XR 256GB Nero,759.0,899.0,,256.0,Dual SIM,Si,Si,Black,LCD,6.1,No,,150.9,75.7,8.3,194.0,7,140.0,1,16.0,2
2020-08-13 20:22:04.673091,2020-08-13,2,Unieuro,iOS,APPLE,iPhone SE,549.0,549.0,,128.0,Dual SIM ibrida,Si,N.d,Black,IPS,4.7,No,,138.4,67.3,7.3,148.0,5,0.0,0,0.0,1
2020-08-13 20:22:42.218041,2020-08-13,2,Unieuro,iOS,APPLE,iPhone 11 128,799.0,889.0,,128.0,Dual SIM,Si,Si,White,LCD,6.1,No,,150.9,75.7,8.3,194.0,7,90.0,1,10.0,1
2020-08-13 20:23:27.138867,2020-08-13,2,Unieuro,iOS,APPLE,iPhone 11 128,799.0,889.0,,128.0,Dual SIM,Si,Si,Purple,LCD,6.1,No,,150.9,75.7,8.3,194.0,7,90.0,1,10.0,1
2020-08-13 20:24:06.723571,2020-08-13,2,Unieuro,iOS,APPLE,iPhone SE,479.0,499.0,,64.0,Dual SIM ibrida,Si,N.d,Black,IPS,4.7,No,,138.4,67.3,7.3,148.0,4,20.0,1,4.0,1
2020-08-13 20:24:40.061399,2020-08-13,2,Unieuro,iOS,APPLE,iPhone SE,539.0,549.0,,128.0,Dual SIM ibrida,Si,N.d,White,IPS,4.7,No,,138.4,67.3,7.3,148.0,5,10.0,1,2.0,1
2020-08-13 20:25:16.613760,2020-08-13,2,Unieuro,iOS,APPLE,iPhone SE,479.0,499.0,,64.0,Dual SIM ibrida,Si,N.d,White,IPS,4.7,No,,138.4,67.3,7.3,148.0,4,20.0,1,4.0,1
2020-08-13 20:25:55.649470,2020-08-13,2,Unieuro,iOS,APPLE,iPhone 11 128,799.0,889.0,,128.0,Dual SIM,Si,Si,Red,LCD,6.1,No,,150.9,75.7,8.3,194.0,7,90.0,1,10.0,1
2020-08-13 20:26:38.508461,2020-08-13,2,Unieuro,iOS,APPLE,iPhone XS Max,749.0,1289.0,,64.0,Dual SIM,Si,Si,Grey,OLED,6.5,No,,157.5,77.4,7.7,208.0,7,540.0,1,42.0,5
2020-08-13 20:27:23.898886,2020-08-13,2,Unieuro,iOS,APPLE,iPhone 11 Pro 256,1199.0,1359.0,,256.0,Dual SIM,Si,Si,Grey,OLED,5.8,No,,144.0,71.4,8.1,188.0,9,160.0,1,12.0,2
2020-08-13 20:28:08.083506,2020-08-13,2,Unieuro,iOS,APPLE,iPhone 11 Pro 64,1049.0,1189.0,,64.0,Dual SIM,Si,Si,Grey,OLED,5.8,No,,144.0,71.4,8.1,188.0,9,140.0,1,12.0,2
2020-08-13 20:28:49.210221,2020-08-13,2,Unieuro,iOS,APPLE,iPhone 11 Pro Max 64,1099.0,1289.0,,64.0,Dual SIM,Si,Si,Grey,OLED,6.5,No,,158.0,77.8,8.1,226.0,9,190.0,1,15.0,2
2020-08-13 20:29:36.364226,2020-08-13,2,Unieuro,iOS,APPLE,iPhone 11 64,779.0,839.0,,64.0,Dual SIM,Si,Si,Black,LCD,6.1,No,,150.9,75.7,8.3,194.0,7,60.0,1,7.000000000000001,1
2020-08-13 20:30:19.010890,2020-08-13,2,Unieuro,iOS,APPLE,iPhone SE,479.0,499.0,,64.0,Dual SIM ibrida,Si,N.d,Red,IPS,4.7,No,,138.4,67.3,7.3,148.0,4,20.0,1,4.0,1
2020-08-13 20:30:58.068099,2020-08-13,2,Unieuro,iOS,APPLE,iPhone 11 Pro Max 256,1306.0,1459.0,,256.0,Dual SIM,Si,Si,Gold,OLED,6.5,No,,158.0,77.8,8.1,226.0,9,153.0,1,10.0,1
2020-08-13 20:31:45.352698,2020-08-13,2,Unieuro,iOS,APPLE,iPhone 11 128,799.0,889.0,,128.0,Dual SIM,Si,Si,Green,LCD,6.1,No,,150.9,75.7,8.3,194.0,7,90.0,1,10.0,1
2020-08-13 20:32:26.070546,2020-08-13,2,Unieuro,iOS,APPLE,iPhone XR 256GB Blu,759.0,899.0,,256.0,Dual SIM,Si,Si,Blue,LCD,6.1,No,,150.9,75.7,8.3,194.0,7,140.0,1,16.0,2
2020-08-13 20:33:07.034955,2020-08-13,2,Unieuro,iOS,APPLE,iPhone 11 Pro Max 256,1329.0,1459.0,,256.0,Dual SIM,Si,Si,Grey,OLED,6.5,No,,158.0,77.8,8.1,226.0,9,130.0,1,9.0,1
2020-08-13 20:33:51.149871,2020-08-13,2,Unieuro,iOS,APPLE,iPhone 11 64,779.0,839.0,,64.0,Dual SIM,Si,Si,White,LCD,6.1,No,,150.9,75.7,8.3,194.0,7,60.0,1,7.000000000000001,1
2020-08-13 20:34:32.025592,2020-08-13,2,Unieuro,iOS,APPLE,iPhone 11 Pro 64,1049.0,1189.0,,64.0,Dual SIM,Si,Si,Green,OLED,5.8,No,,144.0,71.4,8.1,188.0,9,140.0,1,12.0,2
2020-08-13 20:35:14.918904,2020-08-13,2,Unieuro,iOS,APPLE,iPhone 11 Pro 64,1049.0,1189.0,,64.0,Dual SIM,Si,Si,Gold,OLED,5.8,No,,144.0,71.4,8.1,188.0,9,140.0,1,12.0,2
2020-08-13 20:36:01.821280,2020-08-13,2,Unieuro,iOS,APPLE,iPhone 11 Pro Max 64,1099.0,1289.0,,64.0,Dual SIM,Si,Si,Gold,OLED,6.5,No,,158.0,77.8,8.1,226.0,9,190.0,1,15.0,2
2020-08-13 20:36:47.594781,2020-08-13,2,Unieuro,iOS,APPLE,iPhone 11 Pro Max 256,1329.0,1459.0,,256.0,Dual SIM,Si,Si,Silver,OLED,6.5,No,,158.0,77.8,8.1,226.0,9,130.0,1,9.0,1
2020-08-13 20:37:27.996687,2020-08-13,2,Unieuro,iOS,APPLE,iPhone 11 64,779.0,839.0,,64.0,Dual SIM,Si,Si,Purple,LCD,6.1,No,,150.9,75.7,8.3,194.0,7,60.0,1,7.000000000000001,1
2020-08-13 20:38:14.550634,2020-08-13,2,Unieuro,iOS,APPLE,iPhone 11 Pro 64,1049.0,1189.0,,64.0,Dual SIM,Si,Si,Silver,OLED,5.8,No,,144.0,71.4,8.1,188.0,9,140.0,1,12.0,2
2020-08-13 20:39:01.778038,2020-08-13,2,Unieuro,iOS,APPLE,iPhone 11 Pro Max 256,1306.0,1459.0,,256.0,Dual SIM,Si,Si,Green,OLED,6.5,No,,158.0,77.8,8.1,226.0,9,153.0,1,10.0,1
2020-08-13 20:39:46.517902,2020-08-13,2,Unieuro,iOS,APPLE,iPhone 11 Pro 256,1199.0,1359.0,,256.0,Dual SIM,Si,Si,Silver,OLED,5.8,No,,144.0,71.4,8.1,188.0,9,160.0,1,12.0,2
2020-08-13 20:40:32.522287,2020-08-13,2,Unieuro,iOS,APPLE,iPhone XR 64GB Nero,669.0,739.0,,64.0,Dual SIM,Si,Si,Black,LCD,6.1,No,,150.9,75.7,8.3,194.0,6,70.0,1,9.0,1
2020-08-13 20:41:13.179928,2020-08-13,2,Unieuro,iOS,APPLE,iPhone 11 Pro 256,1199.0,1359.0,,256.0,Dual SIM,Si,Si,Green,OLED,5.8,No,,144.0,71.4,8.1,188.0,9,160.0,1,12.0,2
2020-08-13 20:41:54.073569,2020-08-13,2,Unieuro,iOS,APPLE,iPhone 11 Pro Max 64,1099.0,1289.0,,64.0,Dual SIM,Si,Si,Green,OLED,6.5,No,,158.0,77.8,8.1,226.0,9,190.0,1,15.0,2
2020-08-13 20:42:38.856478,2020-08-13,2,Unieuro,iOS,APPLE,iPhone 11 Pro 256,1199.0,1359.0,,256.0,Dual SIM,Si,Si,Gold,OLED,5.8,No,,144.0,71.4,8.1,188.0,9,160.0,1,12.0,2
2020-08-13 20:43:21.958551,2020-08-13,2,Unieuro,iOS,APPLE,iPhone 11 64,779.0,839.0,,64.0,Dual SIM,Si,Si,Red,LCD,6.1,No,,150.9,75.7,8.3,194.0,7,60.0,1,7.000000000000001,1
2020-08-13 20:44:02.123773,2020-08-13,2,Unieuro,iOS,APPLE,iPhone XR 128GB Bianco,729.0,789.0,,128.0,Dual SIM,Si,Si,White,LCD,6.1,No,,150.9,75.7,8.3,194.0,7,60.0,1,8.0,1
2020-08-13 20:44:42.959283,2020-08-13,2,Unieuro,iOS,APPLE,iPhone XR 64GB Bianco,669.0,739.0,,64.0,Dual SIM,Si,Si,White,LCD,6.1,No,,150.9,75.7,8.3,194.0,6,70.0,1,9.0,1
2020-08-13 20:45:23.328784,2020-08-13,2,Unieuro,iOS,APPLE,iPhone 11 Pro Max 64,1099.0,1289.0,,64.0,Dual SIM,Si,Si,Silver,OLED,6.5,No,,158.0,77.8,8.1,226.0,9,190.0,1,15.0,2
2020-08-13 20:46:05.016526,2020-08-13,2,Unieuro,iOS,APPLE,iPhone 11 64,779.0,839.0,,64.0,Dual SIM,Si,Si,Green,LCD,6.1,No,,150.9,75.7,8.3,194.0,7,60.0,1,7.000000000000001,1
2020-08-13 20:46:45.256172,2020-08-13,2,Unieuro,iOS,APPLE,iPhone XR 128GB Blu,729.0,789.0,,128.0,Dual SIM,Si,Si,Blue,LCD,6.1,No,,150.9,75.7,8.3,194.0,7,60.0,1,8.0,1
2020-08-13 20:47:31.125070,2020-08-13,2,Unieuro,iOS,APPLE,iPhone XR 128GB Nero,729.0,789.0,,128.0,Dual SIM,Si,Si,Black,LCD,6.1,No,,150.9,75.7,8.3,194.0,7,60.0,1,8.0,1
2020-08-13 20:48:10.413024,2020-08-13,2,Unieuro,iOS,APPLE,iPhone 11 64,779.0,839.0,,64.0,Dual SIM,Si,Si,Yellow,LCD,6.1,No,,150.9,75.7,8.3,194.0,7,60.0,1,7.000000000000001,1
2020-08-13 20:48:55.979004,2020-08-13,2,Unieuro,iOS,APPLE,iPhone XR 64GB Giallo,669.0,739.0,,64.0,Dual SIM,Si,Si,Yellow,LCD,6.1,No,,150.9,75.7,8.3,194.0,6,70.0,1,9.0,1
2020-08-13 20:49:34.166807,2020-08-13,2,Unieuro,iOS,APPLE,iPhone XR 128GB RED,729.0,789.0,,128.0,Dual SIM,Si,Si,Red,LCD,6.1,No,,150.9,75.7,8.3,194.0,7,60.0,1,8.0,1
2020-08-13 20:50:18.437373,2020-08-13,2,Unieuro,iOS,APPLE,iPhone XR 128GB Corallo,729.0,789.0,,128.0,Dual SIM,Si,Si,Coral,LCD,6.1,No,,150.9,75.7,8.3,194.0,7,60.0,1,8.0,1
2020-08-13 20:51:05.858365,2020-08-13,2,Unieuro,iOS,APPLE,iPhone XR 64GB RED,669.0,739.0,,64.0,Dual SIM,Si,Si,Red,LCD,6.1,No,,150.9,75.7,8.3,194.0,6,70.0,1,9.0,1
2020-08-13 20:51:44.162466,2020-08-13,2,Unieuro,iOS,APPLE,iPhone XR 64GB Blu,669.0,739.0,,64.0,Dual SIM,Si,Si,Blue,LCD,6.1,No,,150.9,75.7,8.3,194.0,6,70.0,1,9.0,1
2020-08-13 20:52:30.745649,2020-08-13,2,Unieuro,iOS,APPLE,iPhone XR 64GB Corallo,679.0,739.0,,64.0,Dual SIM,Si,Si,Coral,LCD,6.1,No,,150.9,75.7,8.3,194.0,6,60.0,1,8.0,1
2020-08-13 20:53:16.381467,2020-08-13,2,Unieuro,iOS,APPLE,iPhone XR 128GB Giallo,729.0,789.0,,128.0,Dual SIM,Si,Si,Yellow,LCD,6.1,No,,150.9,75.7,8.3,194.0,7,60.0,1,8.0,1
2020-08-13 20:53:59.201112,2020-08-13,2,Unieuro,iOS,APPLE,iPhone SE,559.0,559.0,,128.0,Dual SIM ibrida,Si,N.d,White,IPS,4.7,No,,138.4,67.3,7.3,148.0,5,0.0,0,0.0,1
2020-08-13 20:54:27.997757,2020-08-13,2,Unieuro,iOS,APPLE,iPhone SE,541.0,555.34,,128.0,Dual SIM ibrida,Si,N.d,Red,IPS,4.7,No,,138.4,67.3,7.3,148.0,5,14.340000000000032,1,3.0,1
2020-08-13 20:55:04.123640,2020-08-13,2,Unieuro,iOS,APPLE,iPhone 8,449.0,499.0,,64.0,Mono SIM,Si,Si,Black,IPS,4.7,TIM,,138.4,67.3,7.3,148.0,4,50.0,1,10.0,1
2020-08-13 20:55:52.657863,2020-08-13,2,Unieuro,iOS,APPLE,iPhone XS Max 256GB Oro,899.0,1459.0,,256.0,Dual SIM,Si,Si,Gold,OLED,6.5,No,,157.5,77.4,7.7,208.0,8,560.0,1,38.0,4
2020-08-13 20:56:38.910737,2020-08-13,2,Unieuro,iOS,APPLE,iPhone 11 128,799.0,889.0,,128.0,Dual SIM,Si,Si,Yellow,LCD,6.1,No,,150.9,75.7,8.3,194.0,7,90.0,1,10.0,1
2020-08-13 20:57:20.318125,2020-08-13,2,Unieuro,iOS,APPLE,iPhone X 64GB Grigio siderale,599.0,649.0,,64.0,Mono SIM,Si,Si,Grey,OLED,5.8,No,,143.6,70.9,7.7,174.0,5,50.0,1,8.0,1
2020-08-13 20:58:00.279002,2020-08-13,2,Unieuro,iOS,APPLE,iPhone XS Max 512GB Grigio siderale,829.0,1589.0,,512.0,Dual SIM,Si,Si,Grey,OLED,6.5,No,,157.5,77.4,7.7,208.0,8,760.0,1,48.0,5
2020-08-13 20:58:45.541897,2020-08-13,2,Unieuro,iOS,APPLE,iPhone XS Max 64GB Argento,799.0,1289.0,,64.0,Dual SIM,Si,Si,Silver,OLED,6.5,No,,157.5,77.4,7.7,208.0,7,490.0,1,38.0,4
2020-08-13 20:59:28.846867,2020-08-13,2,Unieuro,iOS,APPLE,iPhone XS Max 64GB Oro,799.0,1289.0,,64.0,Dual SIM,Si,Si,Gold,OLED,6.5,No,,157.5,77.4,7.7,208.0,7,490.0,1,38.0,4
2020-08-13 21:00:13.258429,2020-08-13,2,Unieuro,iOS,APPLE,iPhone XS Max 256GB Argento,899.0,1459.0,,256.0,Dual SIM,Si,Si,Silver,OLED,6.5,No,,157.5,77.4,7.7,208.0,8,560.0,1,38.0,4
2020-08-13 21:00:58.550045,2020-08-13,2,Unieuro,iOS,APPLE,iPhone XS Max,899.0,1459.0,,256.0,Dual SIM,Si,Si,Grey,OLED,6.5,No,,157.5,77.4,7.7,208.0,8,560.0,1,38.0,4
2020-08-13 21:01:44.149307,2020-08-13,2,Unieuro,iOS,APPLE,iPhone XS Max 512GB Argento,999.0,1589.0,,512.0,Dual SIM,Si,Si,Silver,OLED,6.5,No,,157.5,77.4,7.7,208.0,9,590.0,1,37.0,4
2020-08-13 21:02:33.908333,2020-08-13,2,Unieuro,iOS,APPLE,iPhone 8 Plus 64GB Argento,599.0,679.0,,64.0,Mono SIM,Si,Si,Silver,IPS,5.5,No,,158.4,78.1,7.5,202.0,5,80.0,1,12.0,2
2020-08-13 21:03:22.378272,2020-08-13,2,Unieuro,iOS,APPLE,iPhone XS,749.0,849.0,,256.0,Dual SIM,Si,Si,Silver,OLED,5.8,No,,143.6,70.9,7.7,177.0,7,100.0,1,12.0,2
2020-08-13 21:04:02.234847,2020-08-13,2,Unieuro,iOS,APPLE,iPhone XR,669.0,729.9,,64.0,Dual SIM,Si,Si,Black,LCD,6.1,No,,150.9,75.7,8.3,194.0,6,60.89999999999998,1,8.0,1
2020-08-13 21:04:45.430697,2020-08-13,2,Unieuro,iOS,APPLE,iPhone 11 256,999.0,999.0,,256.0,Dual SIM,Si,Si,Red,LCD,6.1,No,,150.9,75.7,8.3,194.0,9,0.0,0,0.0,1
2020-08-13 21:05:26.370144,2020-08-13,2,Unieuro,iOS,APPLE,iPhone 7 32GB Nero opaco,359.0,399.0,2,32.0,Mono SIM,Si,Si,Black,IPS,4.7,No,1960.0,138.3,67.1,7.1,138.0,3,40.0,1,10.0,1
2020-08-13 21:06:20.396101,2020-08-13,2,Unieuro,iOS,APPLE,iPhone XS,739.0,739.0,,64.0,Dual SIM,Si,Si,Silver,OLED,5.8,No,,143.6,70.9,7.7,177.0,7,0.0,0,0.0,1
2020-08-13 21:07:00.105121,2020-08-13,2,Unieuro,iOS,APPLE,iPhone XS 64GB Oro,535.0,739.0,,64.0,Dual SIM,Si,Si,Gold,OLED,5.8,No,,143.6,70.9,7.7,177.0,5,204.0,1,28.000000000000004,3
2020-08-13 21:07:48.543374,2020-08-13,2,Unieuro,iOS,APPLE,iPhone 7 32GB Argento,359.0,399.0,2,32.0,Mono SIM,Si,Si,Silver,IPS,4.7,No,1960.0,138.3,67.1,7.1,138.0,3,40.0,1,10.0,1
2020-08-13 21:08:42.304093,2020-08-13,2,Unieuro,iOS,APPLE,iPhone XS,739.0,739.0,,64.0,Dual SIM,Si,Si,Grey,OLED,5.8,No,,143.6,70.9,7.7,177.0,7,0.0,0,0.0,1
2020-08-13 21:09:29.971750,2020-08-13,2,Unieuro,iOS,APPLE,iPhone 7 32GB 4G 32GB Nero,359.0,399.0,2,32.0,Mono SIM,Si,Si,Black,IPS,4.7,No,1960.0,138.3,67.1,7.1,138.0,3,40.0,1,10.0,1
2020-08-13 21:10:17.560126,2020-08-13,2,Unieuro,iOS,APPLE,iPhone XS,849.0,849.0,,256.0,Dual SIM,Si,Si,Gold,OLED,5.8,No,,143.6,70.9,7.7,177.0,8,0.0,0,0.0,1
2020-08-05 06:37:52.834200,2020-08-05,1,MediaWorld,Android,Samsung,Galaxy A30s,205.99,259.99,4,128.0,Dual SIM,Si,Si,Black,SAMOLED,"6,4",N.d,4000.0,158.5,74.7,0.78,169.0,2,54.0,1,21.0,3
2020-08-05 06:38:17.063929,2020-08-05,1,MediaWorld,Android,Samsung,Galaxy A30s,219.99,259.99,4,128.0,Dual SIM,Si,Si,Green,SAMOLED,"6,4",N.d,4000.0,158.5,74.7,0.78,169.0,2,40.0,1,15.0,2
2020-08-05 06:38:49.345840,2020-08-05,1,MediaWorld,iOS,APPLE,iPhone 11 64GB,825.0,839.0,,64.0,Mono SIM,Si,Si,White,Retina,"6,1",No,,150.9,75.7,0.83,194.0,8,14.0,1,2.0,1
2020-08-05 06:39:10.347457,2020-08-05,1,MediaWorld,iOS,APPLE,iPhone 11 Pro 256GB,1155.15,1359.0,,256.0,Mono SIM,Si,Si,Green,OLED,"5,8",No,,144.0,71.39999999999998,0.81,188.0,9,203.8499999999999,1,15.0,2
2020-08-05 06:39:35.796552,2020-08-05,1,MediaWorld,iOS,APPLE,iPhone 11 128GB,800.1,889.0,,128.0,Mono SIM,Si,Si,Black,Retina,"6,1",No,,150.9,75.7,0.83,194.0,8,88.89999999999998,1,10.0,1
2020-08-05 06:39:59.452176,2020-08-05,1,MediaWorld,Android,Samsung,Galaxy A71,367.2,459.0,6,128.0,Dual SIM,Si,Si,Black,SAMOLED,"6,7",No,4500.0,163.6,76.0,0.77,179.0,3,91.80000000000001,1,20.0,2
2020-08-05 06:40:25.089428,2020-08-05,1,MediaWorld,iOS,APPLE,iPhone 11 64GB,779.0,839.0,,64.0,Mono SIM,Si,Si,Purple,Retina,"6,1",No,,150.9,75.7,0.83,194.0,7,60.0,1,7.000000000000001,1
2020-08-05 06:40:50.119271,2020-08-05,1,MediaWorld,Android,Xiaomi,MI NOTE 10 LITE,279.3,399.0,6,128.0,Dual SIM,Si,N.d,Black,AMOLED,"6,47",Vodafone,5260.0,157.79999999999995,74.2,0.9670000000000001,204.0,2,119.69999999999999,1,30.0,3
2020-08-05 06:41:19.835415,2020-08-05,1,MediaWorld,Android,Samsung,Galaxy A51,269.25,359.0,4,128.0,Dual SIM,Si,Si,Black,SAMOLED,"6,5",No,4000.0,158.5,73.60000000000002,0.79,172.0,2,89.75,1,25.0,3
2020-08-05 06:41:45.678664,2020-08-05,1,MediaWorld,Android,Samsung,Galaxy A20e,139.99,179.99,3,32.0,Dual SIM,Si,Si,Blue,TFT,"5,8",N.d,3000.0,147.4,69.7,0.84,140.0,1,40.0,1,22.0,3
2020-08-05 06:42:17.214556,2020-08-05,1,MediaWorld,Android,Samsung,Galaxy S20 4G,597.35,919.0,8,128.0,Mono SIM,Si,Si,Blue,Dynamic AMOLED,"6,2",No,4000.0,151.7,69.1,0.79,163.0,5,321.65,1,35.0,4
2020-08-05 06:42:47.900492,2020-08-05,1,MediaWorld,Android,Samsung,Galaxy A51,269.25,359.0,4,128.0,Dual SIM,Si,Si,Blue,SAMOLED,"6,5",No,4000.0,158.5,73.60000000000002,0.79,172.0,2,89.75,1,25.0,3
2020-08-05 06:43:12.310815,2020-08-05,1,MediaWorld,iOS,APPLE,iPhone 11 Pro 64GB,1044.0,1199.0,,64.0,Mono SIM,Si,Si,Gold,OLED,"5,8",No,,144.0,71.39999999999998,0.81,188.0,9,155.0,1,13.0,2
2020-08-05 06:43:36.322602,2020-08-05,1,MediaWorld,iOS,APPLE,iPhone SE 128GB,549.0,549.0,,128.0,Mono SIM,Si,Si,Black,Retina,"4,7",No,,67.30000000000001,138.4,0.73,148.0,5,0.0,0,0.0,1
2020-08-05 06:43:57.795099,2020-08-05,1,MediaWorld,Android,Samsung,NOTE 10 LITE,379.0,629.0,6,128.0,Dual SIM,Si,N.d,Black,SAMOLED,"6,7",Vodafone,4500.0,163.70000000000005,76.10000000000002,8.7,199.0,3,250.0,1,40.0,4
2020-08-05 06:44:21.769811,2020-08-05,1,MediaWorld,Android,Samsung,Galaxy A71,367.2,459.0,6,128.0,Dual SIM,Si,Si,Silver,SAMOLED,"6,7",No,4500.0,163.6,76.0,0.77,179.0,3,91.80000000000001,1,20.0,2
2020-08-05 06:44:51.477090,2020-08-05,1,MediaWorld,Android,Samsung,Galaxy A71,367.2,459.0,6,128.0,Dual SIM,Si,Si,Blue,SAMOLED,"6,7",No,4500.0,163.6,76.0,0.77,179.0,3,91.80000000000001,1,20.0,2
2020-08-05 06:45:18.445362,2020-08-05,1,MediaWorld,Android,Samsung,NOTE10 LITE,497.0,629.0,6,128.0,Dual SIM,Si,N.d,Black,SAMOLED,"6,7",No,4500.0,163.70000000000005,76.10000000000002,8.7,199.0,4,132.0,1,21.0,3
2020-08-05 06:45:43.603072,2020-08-05,1,MediaWorld,Android,Samsung,Galaxy A20e,137.99,179.99,3,32.0,Dual SIM,Si,Si,White,TFT,"5,8",N.d,3000.0,147.4,69.7,0.84,140.0,1,42.0,1,23.0,3
2020-08-05 06:46:11.099067,2020-08-05,1,MediaWorld,iOS,APPLE,iPhone 11 Pro Max 256GB,1306.0,1459.0,,256.0,Mono SIM,Si,Si,Green,OLED,"6,5",No,,158.0,77.8,0.81,226.0,9,153.0,1,10.0,1
2020-08-05 06:46:37.480126,2020-08-05,1,MediaWorld,iOS,APPLE,iPhone 11 128GB,800.1,889.0,,128.0,Mono SIM,Si,Si,Green,Retina,"6,1",No,,150.9,75.7,0.83,194.0,8,88.89999999999998,1,10.0,1
2020-08-05 06:46:58.567608,2020-08-05,1,MediaWorld,iOS,APPLE,iPhone 11 Pro Max 256GB,1329.0,1459.0,,256.0,Mono SIM,Si,Si,Grey,OLED,"6,5",No,,158.0,77.8,0.81,226.0,9,130.0,1,9.0,1
2020-08-05 06:47:24.640201,2020-08-05,1,MediaWorld,iOS,APPLE,iPhone 11 Pro 64GB Space Gray,1049.0,1199.0,,64.0,Mono SIM,Si,Si,Grey,OLED,"5,8",WindTre,,144.0,71.39999999999998,0.81,188.0,9,150.0,1,13.0,2
2020-08-05 06:47:49.536539,2020-08-05,1,MediaWorld,Android,Honor,HUAWEI HONOR 8S,112.99,119.99,2,32.0,Dual SIM,Si,N.d,Black,LCD,"5,7",No,3000.0,147.0,70.8,0.85,146.0,1,7.0,1,6.0,1
2020-08-05 06:48:20.942911,2020-08-05,1,MediaWorld,iOS,APPLE,iPhone 11 Pro Max 256GB,1329.0,1459.0,,256.0,Mono SIM,Si,Si,Silver,OLED,"6,5",No,,158.0,77.8,0.81,226.0,9,130.0,1,9.0,1
2020-08-05 06:48:48.121589,2020-08-05,1,MediaWorld,iOS,APPLE,iPhone 11 Pro 256GB,1155.15,1359.0,,256.0,Mono SIM,Si,Si,Silver,OLED,"5,8",No,,144.0,71.39999999999998,0.81,188.0,9,203.8499999999999,1,15.0,2
2020-08-05 06:49:12.444216,2020-08-05,1,MediaWorld,Android,Samsung,Galaxy A30s,203.99,259.99,4,128.0,Dual SIM,Si,Si,White,SAMOLED,"6,4",N.d,4000.0,158.5,74.7,0.78,169.0,2,56.0,1,22.0,3
2020-08-05 06:49:43.550859,2020-08-05,1,MediaWorld,Android,Xiaomi,Redmi Note 8 Pro 6+128,239.99,299.0,6,128.0,Dual SIM,Si,N.d,Blue,N.d,"6,53",No,4500.0,161.29999999999995,76.39999999999998,0.87,,2,59.00999999999999,1,20.0,2
2020-08-05 06:50:08.708501,2020-08-05,1,MediaWorld,Android,Samsung,Galaxy S20 Ultra 5G,1379.0,1379.0,12,128.0,Mono SIM,Si,Si,White,Dynamic AMOLED,"6,9",No,5000.0,1669.0,76.0,0.88,220.0,9,0.0,0,0.0,1
2020-08-05 06:50:37.051806,2020-08-05,1,MediaWorld,iOS,APPLE,iPhone SE 128GB,549.0,549.0,,128.0,Mono SIM,Si,Si,Red,Retina,"4,7",No,,67.30000000000001,138.4,0.73,148.0,5,0.0,0,0.0,1
2020-08-05 06:51:04.964413,2020-08-05,1,MediaWorld,iOS,APPLE,iPhone SE 128GB,549.0,549.0,,128.0,Mono SIM,Si,Si,White,Retina,"4,7",No,,67.30000000000001,138.4,0.73,148.0,5,0.0,0,0.0,1
2020-08-05 06:51:31.916612,2020-08-05,1,MediaWorld,Android,Xiaomi,XIAOMI REDMI 7A,84.99,119.99,2,16.0,Dual SIM,Si,Si,Blue,LCD,"5,45",TIM,4000.0,143.0,70.0,0.96,165.0,1,35.0,1,28.999999999999996,3
2020-08-05 06:51:58.693530,2020-08-05,1,MediaWorld,Android,Samsung,Galaxy A20e,134.99,179.99,3,32.0,Dual SIM,Si,Si,Coral,TFT,"5,8",N.d,3000.0,147.4,69.7,0.84,140.0,1,45.0,1,25.0,3
2020-08-05 06:52:27.288921,2020-08-05,1,MediaWorld,Android,Samsung,Galaxy A41,239.99,299.99,4,64.0,Dual SIM,Si,Si,Black,SAMOLED,"6,1",No,3500.0,149.9,69.80000000000001,0.79,152.0,2,60.0,1,20.0,2
2020-08-05 06:52:55.116107,2020-08-05,1,MediaWorld,Android,Samsung,Galaxy A10,139.99,139.99,2,32.0,Dual SIM,N.d,N.d,Blue,TFT,"6,2",N.d,3400.0,155.6,75.6,0.81,168.0,1,0.0,0,0.0,1
2020-08-05 06:53:25.626891,2020-08-05,1,MediaWorld,Android,Samsung,Galaxy Note10 Lite,469.0,629.0,6,128.0,Dual SIM,Si,N.d,Aura Black,SAMOLED,"6,7",No,4500.0,163.70000000000005,76.10000000000002,8.7,199.0,4,160.0,1,25.0,3
2020-08-05 06:53:56.064211,2020-08-05,1,MediaWorld,Android,Huawei,P SMART Z,155.4,259.0,4,64.0,Dual SIM,Si,Si,Black,LCD,"6,59",No,4000.0,163.4,77.2,0.88,197.0,1,103.6,1,40.0,4
2020-08-05 06:54:21.741439,2020-08-05,1,MediaWorld,iOS,APPLE,iPhone 11 Pro 256GB,1155.15,1359.0,,256.0,Dual SIM,Si,Si,Gold,OLED,"5,8",No,,144.0,71.39999999999998,0.81,188.0,9,203.8499999999999,1,15.0,2
2020-08-05 06:54:47.057273,2020-08-05,1,MediaWorld,Android,Samsung,Galaxy A21s,174.99,209.99,3,32.0,Dual SIM,Si,Si,White,TFT,"6,5",No,5000.0,163.70000000000005,75.3,0.89,192.0,1,35.0,1,17.0,2
2020-08-05 06:55:14.371921,2020-08-05,1,MediaWorld,iOS,APPLE,iPhone 11 128GB,800.1,889.0,,128.0,Mono SIM,Si,Si,Red,Retina,"6,1",No,,150.9,75.7,0.83,194.0,8,88.89999999999998,1,10.0,1
2020-08-05 06:55:40.405911,2020-08-05,1,MediaWorld,Android,Xiaomi,Redmi Note 9 Pro 6+128,267.99,299.0,6,128.0,Dual SIM,Si,Si,Green,N.d,"6,67",No,5020.0,165.7,76.6,0.88,209.0,2,31.00999999999999,1,10.0,1
2020-08-05 06:56:09.931407,2020-08-05,1,MediaWorld,iOS,APPLE,iPhone 11 128GB,800.1,889.0,,128.0,Mono SIM,Si,Si,Purple,Retina,"6,1",No,,150.9,75.7,0.83,194.0,8,88.89999999999998,1,10.0,1
2020-08-05 06:56:30.886956,2020-08-05,1,MediaWorld,Android,Samsung,Galaxy A50,329.0,329.0,4,128.0,Dual SIM,Si,Si,Black,SAMOLED,"6,4",Vodafone,4000.0,158.5,74.7,0.77,168.0,3,0.0,0,0.0,1
2020-08-05 06:56:54.300917,2020-08-05,1,MediaWorld,iOS,APPLE,iPhone 11 64GB,779.0,839.0,,64.0,Mono SIM,Si,Si,Yellow,Retina,"6,1",No,,150.9,75.7,0.83,194.0,7,60.0,1,7.000000000000001,1
2020-08-05 06:57:19.113420,2020-08-05,1,MediaWorld,iOS,APPLE,iPhone 11 Pro Max 64GB,1095.65,1289.0,,64.0,Dual SIM,Si,Si,Gold,OLED,"6,5",No,,158.0,77.8,0.81,226.0,9,193.3499999999999,1,15.0,2
2020-08-05 06:57:39.929351,2020-08-05,1,MediaWorld,Android,Huawei,P SMART Z,155.4,259.0,4,64.0,Dual SIM,Si,Si,Blue,LCD,"6,59",No,4000.0,163.4,77.2,0.88,197.0,1,103.6,1,40.0,4
2020-08-05 06:58:06.878671,2020-08-05,1,MediaWorld,Android,Samsung,Galaxy Note 10+,1129.0,1129.0,12,256.0,Dual SIM,N.d,Si,Aura Black,Dynamic AMOLED,"6,8",No,4300.0,162.3,77.2,0.79,196.0,9,0.0,0,0.0,1
2020-08-05 06:58:38.667465,2020-08-05,1,MediaWorld,Android,Wiko,Y50,55.99,69.99,1,16.0,Dual SIM,Si,Si,Grey,N.d,5,No,2200.0,146.0,73.5,0.87,160.0,1,13.999999999999993,1,20.0,2
2020-08-05 06:59:08.279388,2020-08-05,1,MediaWorld,iOS,APPLE,iPhone 11 128GB,800.1,889.0,,128.0,Mono SIM,Si,Si,Yellow,Retina,"6,1",No,,150.9,75.7,0.83,194.0,8,88.89999999999998,1,10.0,1
2020-08-05 06:59:33.034900,2020-08-05,1,MediaWorld,Android,Samsung,Galaxy A21s,171.99,209.99,3,32.0,Dual SIM,Si,Si,Blue,TFT,"6,5",No,5000.0,163.70000000000005,75.3,0.89,192.0,1,38.0,1,18.0,2
2020-08-05 06:59:57.460044,2020-08-05,1,MediaWorld,Android,Samsung,Galaxy A41,239.99,299.99,4,64.0,Dual SIM,Si,Si,Blue,SAMOLED,"6,1",No,3500.0,149.9,69.80000000000001,0.79,152.0,2,60.0,1,20.0,2
2020-08-05 07:00:22.804733,2020-08-05,1,MediaWorld,Android,Motorola,E6s,90.3,129.0,2,32.0,Dual SIM,Si,Si,Blue,LCD,"6,1",No,3000.0,155.0,73.0,0.85,160.0,1,38.7,1,30.0,3
2020-08-05 07:00:47.469330,2020-08-05,1,MediaWorld,Android,Samsung,Galaxy S10+,699.0,879.0,8,128.0,Dual SIM,Si,Si,Ceramic White,Dynamic AMOLED,"6,4",No,4100.0,157.6,74.1,0.78,175.0,6,180.0,1,20.0,2
2020-08-05 07:01:13.397141,2020-08-05,1,MediaWorld,Android,Huawei,Y6 2019,119.99,129.99,2,32.0,Dual SIM,Si,Si,Black,LCD,"6,09",N.d,3020.0,156.2,73.5,0.8,150.0,1,10.000000000000014,1,8.0,1
2020-08-05 07:01:35.625470,2020-08-05,1,MediaWorld,iOS,APPLE,iPhone 11 Pro Max,1095.65,1289.0,,64.0,Dual SIM,Si,Si,Green,OLED,"6,5",TIM,,158.0,77.8,0.81,226.0,9,193.3499999999999,1,15.0,2
2020-08-05 07:02:04.601817,2020-08-05,1,MediaWorld,Android,Huawei,p smart 2019,149.25,199.0,3,64.0,Dual SIM,Si,Si,Black,LCD,"6,21",N.d,3400.0,155.2,73.4,0.79,160.0,1,49.75,1,25.0,3
2020-08-05 07:02:30.384555,2020-08-05,1,MediaWorld,iOS,APPLE,iPhone XR 128GB,729.0,789.0,3,128.0,Mono SIM,Si,Si,White,LCD,"6,1",N.d,2942.0,150.9,75.7,0.83,194.0,7,60.0,1,8.0,1
2020-08-05 07:02:52.786041,2020-08-05,1,MediaWorld,Android,Oppo,A9 2020,189.99,229.0,4,128.0,Dual SIM,Si,Si,Purple,LCD,"6,5",No,5000.0,163.6,75.6,0.91,195.0,1,39.00999999999999,1,17.0,2
2020-08-05 07:03:19.398059,2020-08-05,1,MediaWorld,iOS,APPLE,iPhone XR 64GB,628.15,739.0,3,64.0,Mono SIM,Si,Si,Yellow,LCD,"6,1",N.d,2942.0,150.9,75.7,0.83,194.0,6,110.85000000000002,1,15.0,2
2020-08-05 07:03:47.780919,2020-08-05,1,MediaWorld,Android,Samsung,Galaxy A10,139.99,139.99,2,32.0,Dual SIM,N.d,N.d,Red,TFT,"6,2",N.d,3400.0,155.6,75.6,0.81,168.0,1,0.0,0,0.0,1
2020-08-05 07:04:17.234247,2020-08-05,1,MediaWorld,Android,Motorola,edge,599.0,699.0,6,128.0,Dual SIM,Si,Si,Black,OLED,"6,7",No,4500.0,161.0,71.10000000000002,0.93,188.0,5,100.0,1,14.000000000000002,2
2020-08-05 07:04:39.218523,2020-08-05,1,MediaWorld,Android,Samsung,GALAXY Z FLIP,1499.0,1499.0,8,256.0,Mono SIM,Si,Si,Black,Dynamic AMOLED,"6,7",No,3300.0,167.3,73.60000000000002,0.69,183.0,9,0.0,0,0.0,1
2020-08-05 07:05:05.921151,2020-08-05,1,MediaWorld,iOS,APPLE,iPhone 11 Pro 64GB Silver,1189.0,1199.0,,64.0,Dual SIM,Si,Si,Silver,OLED,"5,8",WindTre,,144.0,71.39999999999998,0.81,188.0,9,10.0,1,1.0,1
2020-08-05 07:05:29.715087,2020-08-05,1,MediaWorld,Android,Oppo,A5 2020,139.3,199.0,3,64.0,Dual SIM,Si,Si,Black,LCD,"6,5",No,5000.0,163.6,75.6,0.91,195.0,1,59.69999999999999,1,30.0,3
2020-08-05 07:05:51.746339,2020-08-05,1,MediaWorld,Android,Huawei,P40 Lite 5G Green,329.0,399.0,6,128.0,Dual SIM,Si,Si,Green,N.d,"6,5",No,4000.0,162.3,75.0,0.858,189.0,3,70.0,1,18.0,2
2020-08-05 07:06:20.946088,2020-08-05,1,MediaWorld,iOS,APPLE,iPhone 11 Pro Max,1095.65,1289.0,,64.0,Dual SIM,Si,Si,Silver,OLED,"6,5",TIM,,158.0,77.8,0.81,226.0,9,193.3499999999999,1,15.0,2
2020-08-05 07:06:42.487774,2020-08-05,1,MediaWorld,Android,Samsung,Galaxy Note 10+,1129.0,1129.0,12,256.0,Dual SIM,N.d,Si,Aura Glow,Dynamic AMOLED,"6,8",No,4300.0,162.3,77.2,0.79,196.0,9,0.0,0,0.0,1
2020-08-05 07:07:08.743431,2020-08-05,1,MediaWorld,Android,Honor,8A,149.99,149.99,2,32.0,Dual SIM,Si,N.d,Gold,LCD,"6,4",TIM,3020.0,156.0,73.0,0.8,,1,0.0,0,0.0,1
2020-08-05 07:07:32.793257,2020-08-05,1,MediaWorld,Android,Huawei,P30 LITE,194.35,299.0,4,128.0,Dual SIM,Si,Si,Black,LCD,"6,15",N.d,3340.0,152.89999999999995,72.69999999999997,0.74,159.0,1,104.65,1,35.0,4
2020-08-05 07:08:00.217300,2020-08-05,1,MediaWorld,Android,Motorola,razr,1599.0,1599.0,6,128.0,Mono SIM,Si,Si,Black,P-OLED,"6,2",No,2510.0,172.0,72.0,0.69,205.0,9,0.0,0,0.0,1
2020-08-05 07:08:23.318089,2020-08-05,1,MediaWorld,Android,Oppo,A91,279.99,329.0,8,128.0,Dual SIM,Si,Si,Blue,AMOLED,"6,4",No,4025.0,160.2,73.3,0.79,172.0,2,49.00999999999999,1,15.0,2
2020-08-05 07:08:50.483216,2020-08-05,1,MediaWorld,Android,Motorola,G8 power lite,171.99,189.99,4,64.0,Dual SIM,Si,Si,Blue,LCD,"6,5",No,5000.0,164.89999999999995,75.7,0.92,200.0,1,18.0,1,9.0,1
2020-08-05 07:09:19.561805,2020-08-05,1,MediaWorld,iOS,APPLE,iPhone 11 Pro Max 64GB,1095.65,1289.0,,64.0,Mono SIM,Si,Si,Grey,OLED,"6,5",WindTre,,158.0,77.8,0.81,226.0,9,193.3499999999999,1,15.0,2
2020-08-05 07:09:46.496273,2020-08-05,1,MediaWorld,Android,Huawei,Y6s,129.99,149.99,3,32.0,Dual SIM,Si,Si,Black,LCD,"6,09",No,3020.0,156.2,73.5,0.8,150.0,1,20.0,1,13.0,2
2020-08-05 07:10:13.789044,2020-08-05,1,MediaWorld,iOS,APPLE,iPhone 11 256GB,1009.0,1009.0,,256.0,Mono SIM,Si,Si,Black,Retina,"6,1",No,,150.9,75.7,0.83,194.0,9,0.0,0,0.0,1
2020-08-05 07:10:35.015548,2020-08-05,1,MediaWorld,Android,Samsung,Galaxy S10+,699.0,879.0,8,128.0,Dual SIM,Si,Si,Ceramic Black,Dynamic AMOLED,"6,4",No,4100.0,157.6,74.1,0.78,175.0,6,180.0,1,20.0,2
2020-08-05 07:10:59.996927,2020-08-05,1,MediaWorld,Android,LG,K50S,199.99,199.99,3,32.0,Dual SIM,Si,Si,Black,LCD,"6,5",No,4000.0,165.79999999999995,77.5,0.82,194.0,1,0.0,0,0.0,1
2020-08-05 07:11:25.687857,2020-08-05,1,MediaWorld,Android,Wiko,VIEW 4,130.99,159.99,3,64.0,Dual SIM,Si,Si,Blue,Standard,"6,52",No,5000.0,165.7,75.8,0.885,180.0,1,29.0,1,18.0,2
2020-08-05 07:11:50.347171,2020-08-05,1,MediaWorld,Android,Oppo,Find X2 Neo,662.0,699.0,12,256.0,Mono SIM,Si,Si,Blue,AMOLED,"6,5",No,4025.0,159.4,72.4,0.7,171.0,6,37.0,1,5.0,1
2020-08-05 07:12:18.547657,2020-08-05,1,MediaWorld,iOS,APPLE,iPhone XR 128GB,729.0,789.0,3,128.0,Mono SIM,Si,Si,Red,LCD,"6,1",N.d,2942.0,150.9,75.7,0.83,194.0,7,60.0,1,8.0,1
2020-08-05 07:12:44.030182,2020-08-05,1,MediaWorld,Android,Wiko,Y80,89.99,99.99,2,16.0,Dual SIM,Si,Si,Gold,Standard,"5,99",No,4000.0,160.0,76.5,0.855,185.0,1,10.0,1,10.0,1
2020-08-05 07:13:11.524575,2020-08-05,1,MediaWorld,Android,Huawei,Y6s,139.99,149.99,3,32.0,Dual SIM,Si,Si,Blue,LCD,"6,09",No,3020.0,156.2,73.5,0.8,150.0,1,10.0,1,7.000000000000001,1
2020-08-05 07:13:34.985421,2020-08-05,1,MediaWorld,Android,Oppo,A5 2020,139.3,199.0,3,64.0,Dual SIM,Si,Si,White,LCD,"6,5",No,5000.0,163.6,75.6,0.91,195.0,1,59.69999999999999,1,30.0,3
2020-08-05 07:13:59.737552,2020-08-05,1,MediaWorld,Android,Huawei,Mate Xs Blue,2299.0,2599.0,8,512.0,Dual SIM,Si,Si,Blue,OLED,8,No,4500.0,161.29999999999995,146.2,1.1,300.0,9,300.0,1,12.0,2
2020-08-05 07:14:28.641473,2020-08-05,1,MediaWorld,Android,Oppo,A91,279.99,329.0,8,128.0,Dual SIM,Si,Si,Black,AMOLED,"6,4",No,4025.0,160.2,73.3,0.79,172.0,2,49.00999999999999,1,15.0,2
2020-08-05 07:14:52.105480,2020-08-05,1,MediaWorld,iOS,APPLE,iPhone 11 Pro 512GB,1452.0,1589.0,,512.0,Dual SIM,Si,Si,Green,OLED,"5,8",No,,144.0,71.39999999999998,0.81,188.0,9,137.0,1,9.0,1
2020-08-05 07:15:15.991523,2020-08-05,1,MediaWorld,Android,Oppo,Find X2 Neo,636.0,699.0,12,256.0,Mono SIM,Si,Si,Black,AMOLED,"6,5",No,4025.0,159.4,72.4,0.7,171.0,6,63.0,1,9.0,1
2020-08-05 07:15:40.973862,2020-08-05,1,MediaWorld,iOS,APPLE,iPhone 11 256GB,1002.0,1009.0,,256.0,Mono SIM,Si,Si,Purple,Retina,"6,1",No,,150.9,75.7,0.83,194.0,9,7.0,1,1.0,1
2020-08-05 07:16:05.921696,2020-08-05,1,MediaWorld,iOS,APPLE,iPhone 11 256GB,1001.0,1009.0,,256.0,Mono SIM,Si,Si,White,Retina,"6,1",No,,150.9,75.7,0.83,194.0,9,8.0,1,1.0,1
2020-08-05 07:16:27.249374,2020-08-05,1,MediaWorld,Android,Oppo,Find X2 Pro,1106.0,1199.0,12,512.0,Mono SIM,Si,Si,Black,OLED,"6,7",No,4260.0,165.2,74.4,0.88,207.0,9,93.0,1,8.0,1
2020-08-05 07:16:48.413966,2020-08-05,1,MediaWorld,iOS,APPLE,iPhone 11 Pro Max 512GB,1689.0,1689.0,,512.0,Mono SIM,Si,Si,Gold,OLED,"6,5",No,,158.0,77.8,0.81,226.0,9,0.0,0,0.0,1
2020-08-05 07:17:15.390971,2020-08-05,1,MediaWorld,Android,Wiko,VIEW 4 LITE,119.99,129.99,2,32.0,Dual SIM,Si,Si,Blue,Standard,"6,52",No,4000.0,167.0,76.8,0.845,174.0,1,10.000000000000014,1,8.0,1
2020-08-05 07:17:44.150131,2020-08-05,1,MediaWorld,Android,Motorola,edge+,1041.0,1199.0,12,256.0,Mono SIM,Si,Si,Grey,OLED,"6,7",No,5000.0,161.0,71.39999999999998,0.96,203.0,9,158.0,1,13.0,2
2020-08-05 07:18:12.816742,2020-08-05,1,MediaWorld,iOS,APPLE,iPhone 11 Pro Max 512GB,1689.0,1689.0,,512.0,Mono SIM,Si,Si,Silver,OLED,"6,5",No,,158.0,77.8,0.81,226.0,9,0.0,0,0.0,1
2020-08-05 07:18:33.836409,2020-08-05,1,MediaWorld,iOS,APPLE,iPhone 11 Pro,1049.0,1199.0,,64.0,Dual SIM,Si,Si,Green,OLED,"5,8",TIM,,144.0,71.39999999999998,0.81,188.0,9,150.0,1,13.0,2
2020-08-05 07:18:59.802725,2020-08-05,1,MediaWorld,Android,Huawei,P Smart S Black,199.99,259.99,4,128.0,Dual SIM,Si,Si,Black,OLED,"6,3",No,4000.0,157.4,73.2,0.775,163.0,1,60.0,1,23.0,3
2020-08-05 07:19:28.964274,2020-08-05,1,MediaWorld,iOS,APPLE,iPhone SE 256GB,669.0,669.0,,256.0,Mono SIM,Si,Si,Red,Retina,"4,7",No,,67.30000000000001,138.4,0.73,148.0,6,0.0,0,0.0,1
2020-08-05 07:19:50.850996,2020-08-05,1,MediaWorld,iOS,APPLE,iPhone 11 Pro 512GB,1517.0,1589.0,,512.0,Dual SIM,Si,Si,Grey,OLED,"5,8",No,,144.0,71.39999999999998,0.81,188.0,9,72.0,1,5.0,1
2020-08-05 07:20:19.794091,2020-08-05,1,MediaWorld,Android,Xiaomi,Redmi Note 8 Pro 6+128,239.99,299.0,6,128.0,Dual SIM,Si,N.d,White,LCD,"6,53",No,4500.0,161.29999999999995,76.39999999999998,0.87,,2,59.00999999999999,1,20.0,2
2020-08-05 07:20:44.306175,2020-08-05,1,MediaWorld,iOS,APPLE,iPhone 11 Pro 512GB,1589.0,1589.0,,512.0,Mono SIM,Si,Si,Silver,OLED,"5,8",No,,144.0,71.39999999999998,0.81,188.0,9,0.0,0,0.0,1
2020-08-05 07:21:05.413098,2020-08-05,1,MediaWorld,Android,Huawei,P30 Pro New Edit Silver,849.0,849.0,8,256.0,Dual SIM,Si,Si,Silver,OLED,"6,47",No,4200.0,158.0,73.4,0.841,192.0,8,0.0,0,0.0,1
2020-08-05 07:21:30.748419,2020-08-05,1,MediaWorld,Android,Oppo,A72,249.99,279.0,4,128.0,Dual SIM,Si,Si,Black,LCD,"6,5",No,5000.0,162.0,75.5,0.89,192.0,2,29.00999999999999,1,10.0,1
2020-08-05 07:21:53.223015,2020-08-05,1,MediaWorld,Android,Oppo,A72,249.99,279.0,4,128.0,Dual SIM,Si,Si,Purple,LCD,"6,5",No,5000.0,162.0,75.5,0.89,192.0,2,29.00999999999999,1,10.0,1
2020-08-05 07:22:21.851584,2020-08-05,1,MediaWorld,Android,Motorola,G8,173.99,229.99,4,64.0,Dual SIM,Si,Si,White,LCD,"6,4",No,4000.0,161.0,75.0,0.95,188.0,1,56.0,1,24.0,3
2020-08-05 07:22:48.713978,2020-08-05,1,MediaWorld,Android,Honor,8A,149.99,149.99,2,32.0,Dual SIM,Si,N.d,Black,LCD,"6,4",TIM,3020.0,156.0,73.0,0.8,,1,0.0,0,0.0,1
2020-08-05 07:23:17.620594,2020-08-05,1,MediaWorld,Android,Motorola,razr,1599.0,1599.0,6,128.0,Mono SIM,Si,Si,Black,P-OLED,"6,2",WindTre,2510.0,172.0,72.0,0.69,205.0,9,0.0,0,0.0,1
2020-08-05 07:23:46.086590,2020-08-05,1,MediaWorld,Android,Motorola,G8,173.99,229.99,4,64.0,Dual SIM,Si,Si,Blue,LCD,"6,4",No,4000.0,161.0,75.0,0.95,188.0,1,56.0,1,24.0,3
2020-08-05 07:24:13.620076,2020-08-05,1,MediaWorld,Android,Huawei,mate 20 lite,349.0,349.0,4,64.0,Dual SIM,Si,Si,Black,LCD,"6,3",N.d,3750.0,158.3,75.3,0.76,172.0,3,0.0,0,0.0,1
2020-08-05 07:24:36.501761,2020-08-05,1,MediaWorld,Android,Wiko,Y60,78.99,79.99,1,16.0,Dual SIM,Si,Si,Blue,Standard,"5,45",No,2500.0,146.8,71.8,0.93,177.0,1,1.0,1,1.0,1
2020-08-05 07:25:04.475786,2020-08-05,1,MediaWorld,iOS,APPLE,iPhone 11 Pro Max 512GB,1483.0,1689.0,,512.0,Mono SIM,Si,Si,Green,OLED,"6,5",No,,158.0,77.8,0.81,226.0,9,206.0,1,12.0,2
2020-08-05 07:25:28.839683,2020-08-05,1,MediaWorld,iOS,APPLE,iPhone 11 256GB,1009.0,1009.0,,256.0,Mono SIM,Si,Si,Yellow,Retina,"6,1",No,,150.9,75.7,0.83,194.0,9,0.0,0,0.0,1
2020-08-05 07:25:56.728438,2020-08-05,1,MediaWorld,iOS,APPLE,iPhone 11 Pro Max 512GB,1640.0,1689.0,,512.0,Dual SIM,Si,Si,Grey,OLED,"6,5",No,,158.0,77.8,0.81,226.0,9,49.0,1,3.0,1
2020-08-05 07:26:21.958238,2020-08-05,1,MediaWorld,Android,BRONDI,AMICO SMARTPHONE,67.99,89.99,0.512,4.0,Dual SIM,Si,Si,Black,LCD,5,N.d,,151.0,69.0,1.07,150.0,1,22.0,1,24.0,3
2020-08-05 07:26:43.818037,2020-08-05,1,MediaWorld,Android,Motorola,MOTO E6 PLUS BLACK,129.99,169.99,4,64.0,Dual SIM,Si,Si,Grey,LCD,"6,1",No,3000.0,155.6,73.1,0.86,155.0,1,40.0,1,24.0,3
2020-08-05 07:27:07.139875,2020-08-05,1,MediaWorld,Android,Wiko,VIEW 4 LITE,129.99,129.99,2,32.0,Dual SIM,Si,Si,Green,Standard,"6,52",No,4000.0,167.0,76.8,0.845,174.0,1,0.0,0,0.0,1
2020-08-05 07:27:35.222191,2020-08-05,1,MediaWorld,Android,Samsung,Galaxy S20 4G,597.35,919.0,8,128.0,Mono SIM,Si,Si,Grey,Dynamic AMOLED,"6,2",No,4000.0,151.7,69.1,0.79,163.0,5,321.65,1,35.0,4
2020-08-05 07:27:59.197079,2020-08-05,1,MediaWorld,Android,Xiaomi,Redmi 8 black,129.99,169.0,4,64.0,Dual SIM,Si,No,Black,LCD,"6,2",WindTre,5000.0,156.5,75.4,0.94,191.0,1,39.00999999999999,1,23.0,3
2020-08-05 07:28:22.833334,2020-08-05,1,MediaWorld,Android,Samsung,Galaxy A20e,134.99,179.99,3,32.0,Dual SIM,Si,Si,Black,LCD,"5,8",N.d,3000.0,147.4,69.7,0.84,140.0,1,45.0,1,25.0,3
2020-08-05 07:28:46.863726,2020-08-05,1,MediaWorld,Android,Samsung,Galaxy A30s,199.99,199.99,4,64.0,Dual SIM,Si,Si,Black,SAMOLED,"6,4",N.d,4000.0,158.5,74.7,0.78,169.0,1,0.0,0,0.0,1
2020-08-05 07:29:15.468801,2020-08-05,1,MediaWorld,iOS,APPLE,iPhone 11 128GB,800.1,889.0,,128.0,Mono SIM,Si,Si,White,Retina,"6,1",No,,150.9,75.7,0.83,194.0,8,88.89999999999998,1,10.0,1
2020-08-05 07:29:40.584863,2020-08-05,1,MediaWorld,Android,Oppo,Reno 2,349.0,449.0,8,256.0,Dual SIM,Si,Si,Blue,AMOLED,"6,5",No,4000.0,160.0,74.3,0.95,189.0,3,100.0,1,22.0,3
2020-08-05 07:30:02.149210,2020-08-05,1,MediaWorld,iOS,APPLE,iPhone 11 Pro 256GB,1155.15,1359.0,,256.0,Mono SIM,Si,Si,Grey,OLED,"5,8",No,,144.0,71.39999999999998,0.81,188.0,9,203.8499999999999,1,15.0,2
2020-08-05 07:30:24.440239,2020-08-05,1,MediaWorld,Android,Huawei,P30 LITE,194.35,299.0,4,128.0,Dual SIM,Si,Si,Blue,LCD,"6,15",N.d,3340.0,152.89999999999995,72.69999999999997,0.74,159.0,1,104.65,1,35.0,4
2020-08-05 07:30:55.433486,2020-08-05,1,MediaWorld,Android,Samsung,Galaxy A51,269.25,359.0,4,128.0,Dual SIM,Si,Si,White,SAMOLED,"6,5",No,4000.0,158.5,73.60000000000002,0.79,172.0,2,89.75,1,25.0,3
2020-08-05 07:31:25.723660,2020-08-05,1,MediaWorld,Android,Xiaomi,Redmi Note 8 T Blue,159.99,189.0,4,64.0,Dual SIM,Si,Si,Starscape Blue,LCD,"6,3",No,4000.0,,,,,1,29.00999999999999,1,15.0,2
2020-08-05 07:31:49.270746,2020-08-05,1,MediaWorld,iOS,APPLE,iPhone 11 64GB,779.0,839.0,,64.0,Mono SIM,Si,Si,Red,Retina,"6,1",No,,150.9,75.7,0.83,194.0,7,60.0,1,7.000000000000001,1
2020-08-05 07:32:16.588359,2020-08-05,1,MediaWorld,Android,Xiaomi,Redmi Note 8 T Grey,169.99,189.0,4,64.0,Dual SIM,Si,Si,Moonshadow Grey,LCD,"6,3",No,4000.0,,,,,1,19.00999999999999,1,10.0,1
2020-08-05 07:32:46.288034,2020-08-05,1,MediaWorld,iOS,APPLE,iPhone SE 64GB,499.0,499.0,,64.0,Mono SIM,Si,Si,Black,Retina,"4,7",No,,67.30000000000001,138.4,0.73,148.0,4,0.0,0,0.0,1
2020-08-05 07:33:07.390943,2020-08-05,1,MediaWorld,Android,Xiaomi,MI NOTE 10 LITE,279.3,399.0,6,128.0,Dual SIM,Si,N.d,White,AMOLED,"6,47",Vodafone,5260.0,157.79999999999995,74.2,0.9670000000000001,204.0,2,119.69999999999999,1,30.0,3
2020-08-05 07:33:35.068792,2020-08-05,1,MediaWorld,Android,Huawei,P30 LITE,194.35,299.0,4,128.0,Dual SIM,Si,Si,Black,LCD,"6,15",N.d,3340.0,152.89999999999995,72.69999999999997,0.74,159.0,1,104.65,1,35.0,4
2020-08-05 07:34:04.674792,2020-08-05,1,MediaWorld,iOS,APPLE,iPhone XS 256GB,1205.0,1205.0,4,256.0,Mono SIM,Si,Si,Silver/Black,OLED,"5,8",N.d,2658.0,143.6,70.9,0.77,177.0,9,0.0,0,0.0,1
2020-08-05 07:34:33.968377,2020-08-05,1,MediaWorld,Android,Samsung,note 10 lite silvr,629.0,629.0,6,128.0,Dual SIM,Si,N.d,Aura Glow,SAMOLED,"6,7",No,4500.0,163.70000000000005,76.10000000000002,8.7,199.0,6,0.0,0,0.0,1
2020-08-05 07:34:55.905641,2020-08-05,1,MediaWorld,Android,Huawei,P30 Lite New Edit Blue,279.99,289.99,6,256.0,Dual SIM,Si,Si,Blue,LCD,"6,15",No,3340.0,152.89999999999995,72.69999999999997,0.74,159.0,2,10.0,1,3.0,1
2020-08-05 07:35:26.481096,2020-08-05,1,MediaWorld,Android,Samsung,Galaxy S10,579.0,779.0,8,128.0,Dual SIM,Si,Si,Black,Dynamic AMOLED,"6,1",No,3400.0,149.9,70.4,0.78,157.0,5,200.0,1,26.0,3
2020-08-05 07:35:58.008880,2020-08-05,1,MediaWorld,iOS,APPLE,iPhone SE 64GB,499.0,499.0,,64.0,Mono SIM,Si,Si,Red,Retina,"4,7",No,,67.30000000000001,138.4,0.73,148.0,4,0.0,0,0.0,1
2020-08-05 07:36:29.958032,2020-08-05,1,MediaWorld,Android,Xiaomi,Redmi Note 9 Pro 6+128,273.99,299.0,6,128.0,Dual SIM,Si,Si,Grey,N.d,"6,67",No,5020.0,165.7,76.6,0.88,209.0,2,25.00999999999999,1,8.0,1
2020-08-05 07:36:56.676255,2020-08-05,1,MediaWorld,iOS,APPLE,iPhone SE 64GB,499.0,499.0,,64.0,Mono SIM,Si,Si,White,Retina,"4,7",No,,67.30000000000001,138.4,0.73,148.0,4,0.0,0,0.0,1
2020-08-05 07:37:17.970849,2020-08-05,1,MediaWorld,Android,Samsung,NOTE 10 LITE,388.0,629.0,6,128.0,Dual SIM,Si,N.d,White,SAMOLED,"6,7",TIM,4500.0,163.70000000000005,76.10000000000002,8.7,199.0,3,241.0,1,38.0,4
2020-08-05 07:37:47.436664,2020-08-05,1,MediaWorld,Android,Huawei,P40 Lite Black,242.1,269.0,6,128.0,Dual SIM,Si,Si,Black,LCD,"6,4",No,4200.0,159.2,76.3,0.87,183.0,2,26.900000000000006,1,10.0,1
2020-08-05 07:38:13.642553,2020-08-05,1,MediaWorld,Android,Samsung,GALAXY S10 LITE 128GB,592.0,679.0,8,128.0,Dual SIM,Si,N.d,White,SAMOLED,"6,7",TIM,4500.0,162.5,75.6,8.1,186.0,5,87.0,1,13.0,2
2020-08-05 07:38:41.242940,2020-08-05,1,MediaWorld,Android,Samsung,Galaxy S20+ 4G,779.0,999.0,8,128.0,Mono SIM,Si,Si,Black,Dynamic AMOLED,"6,7",No,4500.0,161.9,73.7,0.78,186.0,7,220.0,1,22.0,3
2020-08-05 07:39:11.650753,2020-08-05,1,MediaWorld,Android,Xiaomi,Redmi Note 9 Pro 6+128,247.99,299.0,6,128.0,Dual SIM,Si,Si,White,N.d,"6,67",No,5020.0,165.7,76.6,0.88,209.0,2,51.00999999999999,1,17.0,2
2020-08-05 07:39:34.764314,2020-08-05,1,MediaWorld,Android,Huawei,Y5p Blue,95.99,109.99,2,32.0,Dual SIM,Si,Si,Blue,LCD,"5,45",No,3020.0,146.5,79.4,0.835,144.0,1,14.0,1,13.0,2
2020-08-05 07:40:05.071909,2020-08-05,1,MediaWorld,Android,Samsung,Galaxy Note 10,659.0,999.0,8,256.0,Dual SIM,Si,Si,Aura Black,Dynamic AMOLED,"6,3",No,3500.0,151.0,71.8,0.79,168.0,6,340.0,1,34.0,4
2020-08-05 07:40:29.796271,2020-08-05,1,MediaWorld,Android,Samsung,Galaxy S20 Ultra 5G,1244.0,1379.0,12,128.0,Mono SIM,Si,Si,Black,Dynamic AMOLED,"6,9",No,5000.0,1669.0,76.0,0.88,220.0,9,135.0,1,10.0,1
2020-08-05 07:41:01.773466,2020-08-05,1,MediaWorld,Android,Motorola,G Pro,249.99,349.0,4,128.0,Dual SIM,Si,Si,Blue,LCD,"6,4",No,4000.0,155.0,75.8,0.92,192.0,2,99.00999999999999,1,28.000000000000004,3
2020-08-05 07:41:50.528165,2020-08-05,1,MediaWorld,Android,Xiaomi,Redmi Note 9 4+128 Green,194.65,229.0,4,128.0,Dual SIM,Si,Si,Green,N.d,"6,53",No,5020.0,162.3,77.2,0.89,199.0,1,34.349999999999994,1,15.0,2
2020-08-05 07:42:12.837503,2020-08-05,1,MediaWorld,Android,Samsung,Galaxy A21s,172.99,209.99,3,32.0,Dual SIM,Si,Si,Black,TFT,"6,5",No,5000.0,163.70000000000005,75.3,0.89,192.0,1,37.0,1,18.0,2
2020-08-05 07:42:38.733580,2020-08-05,1,MediaWorld,Android,Huawei,Y5p Black,95.99,109.99,2,32.0,Dual SIM,Si,Si,Black,LCD,"5,45",No,3020.0,146.5,79.4,0.835,144.0,1,14.0,1,13.0,2
2020-08-05 07:43:06.834171,2020-08-05,1,MediaWorld,Android,Samsung,Galaxy Note 10,659.0,999.0,8,256.0,Dual SIM,Si,Si,Aura Glow,Dynamic AMOLED,"6,3",No,3500.0,151.0,71.8,0.79,168.0,6,340.0,1,34.0,4
2020-08-05 07:43:37.055308,2020-08-05,1,MediaWorld,Android,Samsung,Galaxy S10 Lite,469.0,679.0,8,128.0,Dual SIM,Si,N.d,Black,SAMOLED,"6,7",No,4500.0,162.5,75.6,8.1,186.0,4,210.0,1,31.0,4
2020-08-05 07:44:08.347205,2020-08-05,1,MediaWorld,Android,Huawei,P40 Lite Green,242.1,269.0,6,128.0,Dual SIM,Si,Si,Green,LCD,"6,4",No,4200.0,159.2,76.3,0.87,183.0,2,26.900000000000006,1,10.0,1
2020-08-05 07:44:33.243753,2020-08-05,1,MediaWorld,Android,Xiaomi,Redmi Note 9 4+128 White,194.65,229.0,4,128.0,Dual SIM,Si,Si,White,N.d,"6,53",No,5020.0,162.3,77.2,0.89,199.0,1,34.349999999999994,1,15.0,2
2020-08-05 07:44:59.045980,2020-08-05,1,MediaWorld,Android,Oppo,Reno 2 Z,257.99,349.0,8,128.0,Dual SIM,Si,Si,Black,AMOLED,"6,5",No,4000.0,161.8,75.8,0.87,195.0,2,91.00999999999999,1,26.0,3
2020-08-05 07:45:26.750895,2020-08-05,1,MediaWorld,Android,Samsung,Galaxy S20+ 5G,1099.0,1129.0,12,128.0,Mono SIM,Si,Si,Black,Dynamic AMOLED,"6,7",No,4500.0,161.9,73.7,0.78,186.0,9,30.0,1,3.0,1
2020-08-05 07:45:52.074463,2020-08-05,1,MediaWorld,iOS,APPLE,iPhone XR 64GB,628.15,739.0,3,64.0,Mono SIM,Si,Si,Blue,LCD,"6,1",N.d,2942.0,150.9,75.7,0.83,194.0,6,110.85000000000002,1,15.0,2
2020-08-05 07:46:22.360086,2020-08-05,1,MediaWorld,iOS,APPLE,iPhone XR 128GB,729.0,789.0,3,128.0,Mono SIM,Si,Si,Black,LCD,"6,1",N.d,2942.0,150.9,75.7,0.83,194.0,7,60.0,1,8.0,1
2020-08-05 07:46:44.162565,2020-08-05,1,MediaWorld,Android,Huawei,Y6 2019,104.99,129.99,2,32.0,Dual SIM,Si,Si,Blue,LCD,"6,09",N.d,3020.0,156.2,73.5,0.8,150.0,1,25.000000000000014,1,19.0,2
2020-08-05 07:47:06.842933,2020-08-05,1,MediaWorld,Android,Oppo,A9 2020,184.99,229.0,4,128.0,Dual SIM,Si,Si,Green,LCD,"6,5",No,5000.0,163.6,75.6,0.91,195.0,1,44.00999999999999,1,19.0,2
2020-08-05 07:47:36.335600,2020-08-05,1,MediaWorld,Android,Samsung,Galaxy S20+ 4G,779.0,999.0,8,128.0,Mono SIM,Si,Si,Grey,Dynamic AMOLED,"6,7",No,4500.0,161.9,73.7,0.78,186.0,7,220.0,1,22.0,3
2020-08-05 07:48:09.638360,2020-08-05,1,MediaWorld,Android,Samsung,Galaxy S20+ 4G,779.0,999.0,8,128.0,Mono SIM,Si,Si,Blue,Dynamic AMOLED,"6,7",No,4500.0,161.9,73.7,0.78,186.0,7,220.0,1,22.0,3
2020-08-05 07:48:34.340582,2020-08-05,1,MediaWorld,Android,Motorola,Moto G8 power,199.99,249.99,4,64.0,Dual SIM,Si,Si,Black,LCD,"6,4",No,5000.0,155.0,75.0,0.96,197.0,1,50.0,1,20.0,2
2020-08-05 07:48:56.220371,2020-08-05,1,MediaWorld,Android,Wiko,Y80,89.99,99.99,2,16.0,Dual SIM,Si,Si,Blue,Standard,"5,99",No,4000.0,160.0,76.5,0.855,185.0,1,10.0,1,10.0,1
2020-08-05 07:49:25.087168,2020-08-05,1,MediaWorld,Android,Xiaomi,Redmi Note 9 4+128 Grey,194.65,229.0,4,128.0,Dual SIM,Si,Si,Grey,N.d,"6,53",No,5020.0,162.3,77.2,0.89,199.0,1,34.349999999999994,1,15.0,2
2020-08-05 07:49:48.594053,2020-08-05,1,MediaWorld,Android,Huawei,P40 Lite Pink,242.1,269.0,6,128.0,Dual SIM,Si,Si,Pink,LCD,"6,4",No,4200.0,159.2,76.3,0.87,183.0,2,26.900000000000006,1,10.0,1
2020-08-05 07:50:14.282822,2020-08-05,1,MediaWorld,Android,Huawei,P40 Lite 5G Black,304.0,399.0,6,128.0,Dual SIM,Si,Si,Black,N.d,"6,5",No,4000.0,162.3,75.0,0.858,189.0,3,95.0,1,24.0,3
2020-08-05 07:50:41.678540,2020-08-05,1,MediaWorld,Android,Xiaomi,Mi Note 10,399.0,599.0,6,128.0,Dual SIM,Si,Si,Green,AMOLED,"6,47",No,5260.0,157.79999999999995,74.2,0.96,208.0,3,200.0,1,33.0,4
2020-08-05 07:51:03.969361,2020-08-05,1,MediaWorld,Android,Xiaomi,Redmi Note 8 Pro 6+128,239.99,299.0,6,128.0,Dual SIM,Si,N.d,Green,LCD,"6,53",No,4500.0,161.29999999999995,76.39999999999998,0.87,,2,59.00999999999999,1,20.0,2
2020-08-05 07:51:31.697491,2020-08-05,1,MediaWorld,Android,Samsung,Galaxy S10 Lite,469.0,679.0,8,128.0,Dual SIM,Si,N.d,White,SAMOLED,"6,7",No,4500.0,162.5,75.6,8.1,186.0,4,210.0,1,31.0,4
2020-08-05 07:51:54.896888,2020-08-05,1,MediaWorld,Android,Samsung,Galaxy S10 Lite,469.0,679.0,8,128.0,Dual SIM,Si,N.d,Blue,SAMOLED,"6,7",No,4500.0,162.5,75.6,8.1,186.0,4,210.0,1,31.0,4
2020-08-05 07:52:21.830599,2020-08-05,1,MediaWorld,iOS,APPLE,iPhone SE 256GB,669.0,669.0,,256.0,Mono SIM,Si,Si,Black,Retina,"4,7",No,,67.30000000000001,138.4,0.73,148.0,6,0.0,0,0.0,1
2020-08-05 07:52:49.225417,2020-08-05,1,MediaWorld,Android,Xiaomi,Redmi Note 8 T White,169.99,189.0,4,64.0,Dual SIM,Si,Si,Moonlight White,LCD,"6,3",No,4000.0,,,,,1,19.00999999999999,1,10.0,1
2020-08-05 07:53:18.350328,2020-08-05,1,MediaWorld,Android,Oppo,A52,169.99,199.99,4,64.0,Dual SIM,Si,Si,Black,LCD,"6,5",N.d,5000.0,162.0,75.5,0.89,192.0,1,30.0,1,15.0,2
2020-08-05 07:53:42.707475,2020-08-05,1,MediaWorld,Android,Xiaomi,Mi Note 10,550.0,599.0,6,128.0,Dual SIM,Si,Si,White,AMOLED,"6,47",No,5260.0,157.79999999999995,74.2,0.96,208.0,5,49.0,1,8.0,1
2020-08-05 07:54:07.499562,2020-08-05,1,MediaWorld,Android,Motorola,E6 Play,91.99,119.0,2,32.0,Dual SIM,Si,Si,Black,LCD,"5,45",No,3000.0,146.5,70.9,0.83,145.0,1,27.010000000000005,1,23.0,3
2020-08-05 07:54:35.728769,2020-08-05,1,MediaWorld,Android,Samsung,Samsung Galaxy A51 black,269.25,359.0,4,128.0,Dual SIM,Si,Si,Black,SAMOLED,"6,5",WindTre,4000.0,158.5,73.60000000000002,0.79,172.0,2,89.75,1,25.0,3
2020-08-05 07:55:01.974131,2020-08-05,1,MediaWorld,Android,Oppo,A52,169.99,199.99,4,64.0,Dual SIM,Si,Si,White,LCD,"6,5",N.d,5000.0,162.0,75.5,0.89,192.0,1,30.0,1,15.0,2
2020-08-05 07:55:26.473071,2020-08-05,1,MediaWorld,Android,Xiaomi,REDMI 9 GREY NO ETIC,169.99,169.99,4,64.0,Dual SIM,Si,No,Grey,LCD,"6,53",WindTre,5020.0,163.0,77.0,0.91,198.0,1,0.0,0,0.0,1
2020-08-05 07:55:51.995121,2020-08-05,1,MediaWorld,Android,Samsung,Galaxy S10,579.0,779.0,8,128.0,Dual SIM,Si,Si,White,Dynamic AMOLED,"6,1",No,3400.0,149.9,70.4,0.78,157.0,5,200.0,1,26.0,3
2020-08-05 07:56:20.836144,2020-08-05,1,MediaWorld,Android,Huawei,P40 Pro Black,909.0,1049.9,8,256.0,Dual SIM,Si,Si,Black,OLED,"6,58",No,4200.0,158.2,72.6,0.89,209.0,9,140.9000000000001,1,13.0,2
2020-08-05 07:56:48.251753,2020-08-05,1,MediaWorld,Android,Xiaomi,REDMI 9 PURPLE NO ETIC,169.99,169.99,4,64.0,Dual SIM,Si,No,Purple,LCD,"6,53",WindTre,5020.0,163.0,77.0,0.91,198.0,1,0.0,0,0.0,1
2020-08-05 07:57:16.702172,2020-08-05,1,MediaWorld,Android,Samsung,Galaxy S10,579.0,779.0,8,128.0,Dual SIM,Si,Si,Green,Dynamic AMOLED,"6,1",No,3400.0,149.9,70.4,0.78,157.0,5,200.0,1,26.0,3
2020-08-05 07:57:50.759064,2020-08-05,1,MediaWorld,Android,Huawei,P30,439.0,649.0,6,128.0,Dual SIM,Si,N.d,Breathing Crystal,OLED,"6,1",No,3650.0,149.1,71.3,0.76,165.0,4,210.0,1,32.0,4
2020-08-05 07:58:18.610192,2020-08-05,1,MediaWorld,Android,Samsung,GALAXY Z FLIP,1299.0,1499.0,8,256.0,Mono SIM,Si,Si,Purple,Dynamic AMOLED,"6,7",No,3300.0,167.3,73.60000000000002,0.69,183.0,9,200.0,1,13.0,2
2020-08-05 07:58:47.049386,2020-08-05,1,MediaWorld,Android,Wiko,Y50,57.99,69.99,1,16.0,Dual SIM,Si,Si,Blue,N.d,5,No,2200.0,146.0,73.5,0.87,160.0,1,11.999999999999993,1,17.0,2
2020-08-05 07:59:16.420835,2020-08-05,1,MediaWorld,Android,Oppo,Find X2 Lite,449.1,499.0,8,128.0,Mono SIM,Si,Si,Black,AMOLED,"6,4",No,4025.0,160.3,74.3,0.7959999999999999,180.0,4,49.89999999999998,1,10.0,1
2020-08-05 07:59:41.231499,2020-08-05,1,MediaWorld,Android,Samsung,Galaxy A31,235.99,299.99,4,64.0,Dual SIM,Si,N.d,Black,SAMOLED,"6,4",No,5000.0,159.3,73.1,0.86,185.0,2,64.0,1,21.0,3
2020-08-05 08:00:05.729997,2020-08-05,1,MediaWorld,Android,Samsung,Galaxy A20s,159.0,179.99,3,32.0,Dual SIM,Si,N.d,Black,TFT,"6,5",No,4000.0,163.29999999999995,77.5,0.8,183.0,1,20.99000000000001,1,12.0,2
2020-08-05 08:00:36.330236,2020-08-05,1,MediaWorld,Android,Huawei,P30 Pro,569.0,799.0,8,128.0,Dual SIM,Si,N.d,Breathing Crystal,OLED,"6,47",No,4200.0,158.0,73.4,0.84,192.0,5,230.0,1,28.999999999999996,3
2020-08-05 08:01:05.044676,2020-08-05,1,MediaWorld,Android,Huawei,P30 Pro,573.0,799.0,8,128.0,Dual SIM,Si,N.d,Black,OLED,"6,47",No,4200.0,158.0,73.4,0.84,192.0,5,226.0,1,28.000000000000004,3
2020-08-05 08:01:30.075991,2020-08-05,1,MediaWorld,Android,Huawei,Y6p Green,135.15,159.0,3,64.0,Dual SIM,Si,Si,Green,LCD,"6,3",No,5000.0,159.0,74.6,0.9,185.0,1,23.849999999999994,1,15.0,2
2020-08-05 08:01:54.388350,2020-08-05,1,MediaWorld,Android,Huawei,Nova 5T,429.0,429.0,6,128.0,Dual SIM,Si,Si,Crush Blue,LCD,"6,26",No,3750.0,154.25,73.97,0.787,174.0,4,0.0,0,0.0,1
2020-08-05 08:02:19.832889,2020-08-05,1,MediaWorld,iOS,APPLE,iPhone 11 256GB,1009.0,1009.0,,256.0,Mono SIM,Si,Si,Red,Retina,"6,1",No,,150.9,75.7,0.83,194.0,9,0.0,0,0.0,1
2020-08-05 08:02:45.355584,2020-08-05,1,MediaWorld,Android,Samsung,Galaxy A31,249.99,299.99,4,64.0,Dual SIM,Si,N.d,Blue,SAMOLED,"6,4",No,5000.0,159.3,73.1,0.86,185.0,2,50.0,1,17.0,2
2020-08-05 08:03:14.605485,2020-08-05,1,MediaWorld,Android,Xiaomi,XIAOMI REDMI 8 OC,129.99,169.99,4,64.0,Dual SIM,Si,No,Sapphire Blue,LCD,"6,2",WindTre,5000.0,156.5,75.4,0.94,191.0,1,40.0,1,24.0,3
2020-08-05 08:03:36.330969,2020-08-05,1,MediaWorld,Android,Huawei,P Smart S Crystal,199.99,259.99,4,128.0,Dual SIM,Si,Si,Breathing Crystal,OLED,"6,3",No,4000.0,157.4,73.2,0.775,163.0,1,60.0,1,23.0,3
2020-08-05 08:04:02.161245,2020-08-05,1,MediaWorld,Android,Huawei,Y6p Black,135.15,159.0,3,64.0,Dual SIM,Si,Si,Black,LCD,"6,3",No,5000.0,159.0,74.6,0.9,185.0,1,23.849999999999994,1,15.0,2
2020-08-05 08:04:28.383176,2020-08-05,1,MediaWorld,iOS,APPLE,iPhone XR 64GB,628.15,739.0,3,64.0,Mono SIM,Si,Si,Black,LCD,"6,1",N.d,2942.0,150.9,75.7,0.83,194.0,6,110.85000000000002,1,15.0,2
2020-08-05 08:04:57.879312,2020-08-05,1,MediaWorld,iOS,APPLE,iPhone SE 256GB,669.0,669.0,,256.0,Mono SIM,Si,Si,White,Retina,"4,7",No,,67.30000000000001,138.4,0.73,148.0,6,0.0,0,0.0,1
2020-08-05 08:05:26.266884,2020-08-05,1,MediaWorld,Android,Wiko,VIEW 4,145.99,159.99,3,64.0,Dual SIM,Si,Si,Green,Standard,"6,52",No,5000.0,165.7,75.8,0.885,180.0,1,14.0,1,9.0,1
2020-08-05 08:05:54.551845,2020-08-05,1,MediaWorld,Android,Huawei,P40 Pro+ 5G Black,1399.0,1399.0,8,512.0,Dual SIM,Si,Si,Black,OLED,"6,58",No,4200.0,158.2,72.6,0.9,226.0,9,0.0,0,0.0,1
2020-08-05 08:06:23.573593,2020-08-05,1,MediaWorld,iOS,APPLE,iPhone XR 64GB,628.15,739.0,3,64.0,Mono SIM,Si,Si,Red,LCD,"6,1",N.d,2942.0,150.9,75.7,0.83,194.0,6,110.85000000000002,1,15.0,2
2020-08-05 08:06:46.199613,2020-08-05,1,MediaWorld,Android,Oppo,RENO Z,199.99,319.0,4,128.0,Dual SIM,Si,Si,Black,AMOLED,"6,4",No,4035.0,157.3,74.9,0.91,186.0,1,119.00999999999999,1,37.0,4
2020-08-05 08:07:12.621729,2020-08-05,1,MediaWorld,Android,SONY,Xperia 5 Black,799.0,799.0,6,128.0,Dual SIM,Si,Si,Black,OLED,"6,1",No,3140.0,158.0,68.0,0.82,164.0,7,0.0,0,0.0,1
2020-08-05 08:07:42.095434,2020-08-05,1,MediaWorld,Android,Xiaomi,Mi Note 10 6+128,479.0,599.0,6,128.0,Dual SIM,Si,Si,Green,AMOLED,"6,47",No,5260.0,157.79999999999995,74.2,0.96,208.0,4,120.0,1,20.0,2
2020-08-05 08:08:08.758742,2020-08-05,1,MediaWorld,Android,Motorola,E6 Plus 4/64,129.99,169.99,4,64.0,Dual SIM,Si,Si,Blue,LCD,"6,1",No,3000.0,155.6,73.1,0.86,155.0,1,40.0,1,24.0,3
2020-08-05 08:08:41.416978,2020-08-05,1,MediaWorld,Android,Huawei,P Smart 2020 Green,179.99,199.99,4,128.0,Dual SIM,Si,Si,Green,LCD,"6,21",No,3400.0,155.29999999999995,73.5,0.82,163.0,1,20.0,1,10.0,1
2020-08-05 08:09:05.125044,2020-08-05,1,MediaWorld,Android,Wiko,Y61,89.99,89.99,1,16.0,Dual SIM,Si,Si,Grey,N.d,"5,99",No,3000.0,161.0,78.0,1.4,190.0,1,0.0,0,0.0,1
2020-08-05 08:09:27.904896,2020-08-05,1,MediaWorld,Android,Oppo,RENO Z,199.99,319.0,4,128.0,Dual SIM,Si,Si,Aurora,AMOLED,"6,4",No,4035.0,157.3,74.9,0.91,186.0,1,119.00999999999999,1,37.0,4
2020-08-05 08:09:54.182666,2020-08-05,1,MediaWorld,iOS,APPLE,iPhone 11 256GB,1004.0,1009.0,,256.0,Mono SIM,Si,Si,Green,Retina,"6,1",No,,150.9,75.7,0.83,194.0,9,5.0,1,0.0,1
2020-08-05 08:10:23.368208,2020-08-05,1,MediaWorld,Android,Huawei,Nova 5T,429.0,429.0,6,128.0,Dual SIM,Si,Si,Black,LCD,"6,26",No,3750.0,154.25,73.97,0.787,174.0,4,0.0,0,0.0,1
2020-08-05 08:10:48.868714,2020-08-05,1,MediaWorld,Android,LG,K40S,106.99,149.99,2,32.0,Dual SIM,Si,Si,Black,LCD,"6,1",No,3500.0,156.3,73.89999999999998,0.86,173.0,1,43.000000000000014,1,28.999999999999996,3
2020-08-05 08:11:17.365796,2020-08-05,1,MediaWorld,Android,Motorola,E6 Play,99.99,119.0,2,32.0,Dual SIM,Si,Si,Blue,LCD,"5,45",No,3000.0,146.5,70.9,0.83,145.0,1,19.010000000000005,1,16.0,2
2020-08-05 08:11:44.275881,2020-08-05,1,MediaWorld,Android,Huawei,P Smart 2020 Black,179.99,199.99,4,128.0,Dual SIM,Si,Si,Black,LCD,"6,21",No,3400.0,155.29999999999995,73.5,0.82,163.0,1,20.0,1,10.0,1
2020-08-05 08:12:10.630353,2020-08-05,1,MediaWorld,Android,Huawei,P Smart 2020 Blue,177.99,199.99,4,128.0,Dual SIM,Si,Si,Blue,LCD,"6,21",No,3400.0,155.29999999999995,73.5,0.82,163.0,1,22.0,1,11.0,2
2020-08-05 08:12:36.977572,2020-08-05,1,MediaWorld,Android,Huawei,P30 Pro New Edit Black,849.0,849.0,8,256.0,Dual SIM,Si,Si,Black,OLED,"6,47",No,4200.0,158.0,73.4,0.841,192.0,8,0.0,0,0.0,1
2020-08-05 08:12:58.514716,2020-08-05,1,MediaWorld,iOS,APPLE,iPhone SE 64GB,669.0,728.99,,64.0,Mono SIM,Si,Si,Red,Retina,"4,7",No,,101.0,101.0,3.4,190.0,6,59.99000000000001,1,8.0,1
2020-08-05 08:13:26.471279,2020-08-05,1,MediaWorld,iOS,APPLE,IPHONE 7,365.0,459.0,,32.0,Mono SIM,N.d,Si,Silver/Black,Retina,"4,7",No,,138.3,67.1,0.71,138.0,3,94.0,1,20.0,2
2020-08-05 08:13:48.672961,2020-08-05,1,MediaWorld,Android,Huawei,P SMART+ 2019,179.99,259.99,3,64.0,Dual SIM,Si,Si,Black,LCD,"6,21",N.d,3400.0,,,,,1,80.0,1,31.0,4
2020-08-05 08:14:16.680979,2020-08-05,1,MediaWorld,Android,Huawei,Mate 30 Pro Silver,679.0,1099.0,8,256.0,Dual SIM,Si,Si,Silver,OLED,"6,53",N.d,4500.0,158.1,73.1,0.88,198.0,6,420.0,1,38.0,4
2020-08-05 08:14:40.120550,2020-08-05,1,MediaWorld,Android,Xiaomi,Mi 10 Lite 5G 6+128 Grey,319.0,399.0,6,128.0,Dual SIM,Si,Si,Grey,AMOLED,"6,57",No,4160.0,137.10000000000002,74.7,0.79,192.0,3,80.0,1,20.0,2
2020-08-05 08:15:02.372689,2020-08-05,1,MediaWorld,Android,Motorola,Moto G8 power,199.99,249.99,4,64.0,Dual SIM,Si,Si,Blue,LCD,"6,4",No,5000.0,155.0,75.0,0.96,197.0,1,50.0,1,20.0,2
2020-08-05 08:15:30.378239,2020-08-05,1,MediaWorld,Android,Wiko,Y61,89.99,89.99,1,16.0,Dual SIM,Si,Si,Grey,N.d,"5,99",No,3000.0,161.0,78.0,1.4,190.0,1,0.0,0,0.0,1
2020-08-05 08:15:52.215496,2020-08-05,1,MediaWorld,Android,ALCATEL,ALCATEL 1,59.99,79.99,1,8.0,Dual SIM,Si,Si,Black,LCD,5,No,2000.0,137.6,65.7,0.98,134.0,1,19.999999999999993,1,25.0,3
2020-08-05 08:16:16.839144,2020-08-05,1,MediaWorld,Android,ALCATEL,ALCATEL 1,59.99,79.99,1,8.0,Dual SIM,Si,Si,Blue,LCD,5,No,2000.0,137.6,65.7,0.98,134.0,1,19.999999999999993,1,25.0,3
2020-08-05 08:16:40.039485,2020-08-05,1,MediaWorld,iOS,APPLE,iPhone XR 128GB Yellow,629.0,789.0,3,128.0,Mono SIM,Si,Si,Yellow,LCD,"6,1",N.d,2942.0,150.9,75.7,0.83,194.0,6,160.0,1,20.0,2
2020-08-05 08:17:07.716145,2020-08-05,1,MediaWorld,iOS,APPLE,iPhone XR 256GB,699.0,909.0,3,256.0,Mono SIM,Si,Si,Red,LCD,"6,1",N.d,2942.0,150.9,75.7,0.83,194.0,6,210.0,1,23.0,3
2020-08-05 08:17:34.164164,2020-08-05,1,MediaWorld,iOS,APPLE,iPhone XR 128GB Coral,729.0,789.0,3,128.0,Mono SIM,Si,Si,Coral,LCD,"6,1",N.d,2942.0,150.9,75.7,0.83,194.0,7,60.0,1,8.0,1
2020-08-05 08:17:56.684780,2020-08-05,1,MediaWorld,iOS,APPLE,iPhone XR 256GB,699.0,909.0,3,256.0,Mono SIM,Si,Si,Black,LCD,"6,1",N.d,2942.0,150.9,75.7,0.83,194.0,6,210.0,1,23.0,3
2020-08-05 08:18:22.617338,2020-08-05,1,MediaWorld,iOS,APPLE,iPhone XR 256GB,699.0,909.0,3,256.0,Mono SIM,Si,Si,Blue,LCD,"6,1",N.d,2942.0,150.9,75.7,0.83,194.0,6,210.0,1,23.0,3
2020-08-05 08:18:48.086461,2020-08-05,1,MediaWorld,iOS,APPLE,iPhone XR 256GB,699.0,909.0,3,256.0,Mono SIM,Si,Si,White,LCD,"6,1",N.d,2942.0,150.9,75.7,0.83,194.0,6,210.0,1,23.0,3
2020-08-05 08:19:16.004821,2020-08-05,1,MediaWorld,iOS,APPLE,iPhone XR 256GB,699.0,909.0,3,256.0,Mono SIM,Si,Si,Yellow,LCD,"6,1",N.d,2942.0,150.9,75.7,0.83,194.0,6,210.0,1,23.0,3
2020-08-05 08:19:45.861871,2020-08-05,1,MediaWorld,iOS,APPLE,iPhone XR 256GB,909.0,909.0,3,256.0,Mono SIM,Si,Si,Coral,LCD,"6,1",N.d,2942.0,150.9,75.7,0.83,194.0,9,0.0,0,0.0,1
2020-08-05 08:20:08.475941,2020-08-05,1,MediaWorld,iOS,APPLE,iPhone Xr 128GB Blue,729.0,789.0,3,128.0,Mono SIM,Si,Si,Blue,LCD,"6,1",N.d,2942.0,150.9,75.7,0.83,194.0,7,60.0,1,8.0,1
2020-08-05 08:20:31.509138,2020-08-05,1,MediaWorld,iOS,APPLE,iPhone XR 64GB,628.15,739.0,3,64.0,Mono SIM,Si,Si,Coral,LCD,"6,1",N.d,2942.0,150.9,75.7,0.83,194.0,6,110.85000000000002,1,15.0,2
2020-08-05 08:21:14.438490,2020-08-05,1,MediaWorld,Android,Samsung,Galaxy S10,649.0,1179.0,8,512.0,Dual SIM,Si,Si,White,Dynamic AMOLED,"6,1",No,3400.0,149.9,70.4,0.78,157.0,6,530.0,1,45.0,5
2020-08-05 08:21:44.455267,2020-08-05,1,MediaWorld,Android,Samsung,Galaxy S10+,724.0,1279.0,8,512.0,Dual SIM,Si,Si,Ceramic White,Dynamic AMOLED,"6,4",No,4100.0,157.6,74.1,0.78,175.0,7,555.0,1,43.0,5
2020-08-05 08:22:08.428869,2020-08-05,1,MediaWorld,Android,SONY,Xperia X10 Navy,229.99,349.0,3,64.0,Dual SIM,Si,Si,Blue,LCD,6,No,2870.0,156.0,68.0,0.84,162.0,2,119.00999999999999,1,34.0,4
2020-08-05 08:22:32.593596,2020-08-05,1,MediaWorld,Android,SONY,Xperia X10 Silver,229.99,349.0,3,64.0,Dual SIM,Si,Si,Silver,LCD,6,No,2870.0,156.0,68.0,0.84,162.0,2,119.00999999999999,1,34.0,4
2020-08-05 08:22:55.943769,2020-08-05,1,MediaWorld,Android,SONY,Xperia X10 Black,249.99,379.0,3,64.0,Dual SIM,Si,Si,Black,LCD,6,No,2870.0,156.0,68.0,0.84,162.0,2,129.01,1,34.0,4
2020-08-05 08:23:20.979454,2020-08-05,1,MediaWorld,Android,Xiaomi,Mi 9 6+128/Piano Black,449.65,529.0,6,128.0,Dual SIM,Si,Si,Black,AMOLED,"6,39",N.d,3300.0,,,,,4,79.35000000000002,1,15.0,2
2020-08-05 08:23:42.910228,2020-08-05,1,MediaWorld,Android,SONY,Xperia X10 Plus Black,429.0,429.0,4,64.0,Dual SIM,Si,Si,Black,LCD,"6,5",No,3000.0,167.0,73.0,0.83,180.0,4,0.0,0,0.0,1
2020-08-05 08:24:06.325361,2020-08-05,1,MediaWorld,Android,Huawei,P30,439.0,649.0,6,128.0,Dual SIM,Si,N.d,Aurora,OLED,"6,1",No,3650.0,149.1,71.3,0.76,165.0,4,210.0,1,32.0,4
2020-08-05 08:24:33.179911,2020-08-05,1,MediaWorld,Android,Huawei,P30,459.0,649.0,6,128.0,Dual SIM,Si,N.d,Black,OLED,"6,1",No,3650.0,149.1,71.3,0.76,165.0,4,190.0,1,28.999999999999996,3
2020-08-05 08:24:59.952266,2020-08-05,1,MediaWorld,Android,Huawei,P30 Pro,849.0,849.0,8,128.0,Dual SIM,Si,N.d,Amber Sunrise,OLED,"6,47",No,4200.0,158.0,73.4,0.84,192.0,8,0.0,0,0.0,1
2020-08-05 08:25:24.441196,2020-08-05,1,MediaWorld,Android,LG,K40 Dual,119.99,179.99,2,32.0,Dual SIM,Si,Si,Grey,LCD,"5,7",No,3000.0,71.9,153.0,0.83,144.0,1,60.000000000000014,1,33.0,4
2020-08-05 08:25:53.520924,2020-08-05,1,MediaWorld,Android,Samsung,Galaxy Fold,1999.0,2050.0,12,512.0,Mono SIM,Si,Si,Black,Dynamic AMOLED,"7,3",N.d,4380.0,160.9,117.9,0.69,263.0,9,51.0,1,2.0,1
2020-08-05 08:26:20.300785,2020-08-05,1,MediaWorld,Android,Wiko,Y60,73.99,79.99,1,16.0,Dual SIM,Si,Si,Cyan,Standard,"5,45",No,2500.0,146.8,71.8,0.93,177.0,1,6.0,1,8.0,1
2020-08-05 08:26:48.528534,2020-08-05,1,MediaWorld,Android,ALCATEL,3C,129.99,129.99,1,16.0,Dual SIM,Si,Si,Gold,LCD,6,No,3000.0,161.0,76.0,0.79,169.0,1,0.0,0,0.0,1
2020-08-05 08:27:17.873185,2020-08-05,1,MediaWorld,Android,Samsung,XCover 4s,246.99,269.99,3,32.0,Dual SIM,Si,Si,Black,TFT,5,No,2800.0,146.2,73.3,0.97,172.0,2,23.0,1,9.0,1
2020-08-05 08:27:47.674695,2020-08-05,1,MediaWorld,Android,SONY,Xperia 1 Black,832.0,949.0,6,128.0,Dual SIM,Si,Si,Black,OLED,"6,5",No,3330.0,167.0,72.0,0.82,178.0,8,117.0,1,12.0,2
2020-08-05 08:28:15.777017,2020-08-05,1,MediaWorld,iOS,APPLE,iPhone 11 Pro 512GB,1589.0,1589.0,,512.0,Dual SIM,Si,Si,Gold,OLED,"5,8",No,,144.0,71.39999999999998,0.81,188.0,9,0.0,0,0.0,1
2020-08-05 08:28:37.056298,2020-08-05,1,MediaWorld,Android,Huawei,P30 Pro,581.0,799.0,8,128.0,Dual SIM,Si,N.d,Mystic Blue,OLED,"6,47",N.d,4200.0,158.0,73.4,0.84,192.0,5,218.0,1,27.0,3
2020-08-05 08:29:01.518343,2020-08-05,1,MediaWorld,Android,Huawei,P30 Pro,849.0,849.0,8,128.0,Dual SIM,Si,N.d,Misty Lavender,OLED,"6,47",N.d,4200.0,158.0,73.4,0.84,192.0,8,0.0,0,0.0,1
2020-08-05 08:29:23.481436,2020-08-05,1,MediaWorld,Android,Oppo,Reno 2,349.0,449.0,8,256.0,Dual SIM,Si,Si,Black,AMOLED,"6,5",No,4000.0,160.0,74.3,0.95,189.0,3,100.0,1,22.0,3
2020-08-05 08:29:53.658253,2020-08-05,1,MediaWorld,Android,ALCATEL,3C 2019,101.99,119.99,2,16.0,Dual SIM,Si,Si,Black,LCD,"6,7",No,3000.0,173.4,83.4,0.81,185.0,1,18.0,1,15.0,2
2020-08-05 08:30:15.922325,2020-08-05,1,MediaWorld,Android,ALCATEL,1S 64,122.99,129.9,"4,096",64.0,Dual SIM,Si,Si,Black,N.d,"5,5",No,3060.0,147.79999999999995,70.7,0.86,146.0,1,6.910000000000011,1,5.0,1
2020-08-05 08:30:45.152190,2020-08-05,1,MediaWorld,Android,ALCATEL,1S 64,122.99,129.99,"4,096",64.0,Dual SIM,Si,Si,Blue,N.d,"5,5",No,3060.0,147.79999999999995,70.7,0.86,146.0,1,7.000000000000014,1,5.0,1
2020-08-05 08:31:14.769022,2020-08-05,1,MediaWorld,Android,Huawei,Nova 5T,429.0,429.0,6,128.0,Dual SIM,Si,Si,Midsummer Purple,LCD,"6,26",No,3750.0,154.25,73.97,0.787,174.0,4,0.0,0,0.0,1
2020-08-05 08:31:37.385825,2020-08-05,1,MediaWorld,Android,SONY,Xperia 1 Grey,882.0,949.0,6,128.0,Dual SIM,Si,Si,Grey,OLED,"6,5",No,3330.0,167.0,72.0,0.82,178.0,8,67.0,1,7.000000000000001,1
2020-08-05 08:31:59.779697,2020-08-05,1,MediaWorld,Android,LG,K40S,119.99,149.99,2,32.0,Dual SIM,Si,Si,Blue,LCD,"6,1",No,3500.0,156.3,73.89999999999998,0.86,173.0,1,30.000000000000014,1,20.0,2
2020-08-05 08:32:23.594869,2020-08-05,1,MediaWorld,Android,LG,K50S,199.99,199.99,3,32.0,Dual SIM,Si,Si,Blue,LCD,"6,5",No,4000.0,165.79999999999995,77.5,0.82,194.0,1,0.0,0,0.0,1
2020-08-05 08:32:51.606156,2020-08-05,1,MediaWorld,Android,Motorola,E6 Plus 2/32,107.99,149.99,2,32.0,Dual SIM,Si,Si,Grey,LCD,"6,1",No,3000.0,155.6,73.1,0.86,155.0,1,42.000000000000014,1,28.000000000000004,3
2020-08-05 08:33:20.934172,2020-08-05,1,MediaWorld,Android,Motorola,One Macro,149.99,209.0,4,64.0,Dual SIM,Si,Si,Lavender,LCD,"6,2",No,4000.0,157.6,75.4,0.9,183.0,1,59.00999999999999,1,28.000000000000004,3
2020-08-05 08:33:44.429335,2020-08-05,1,MediaWorld,Android,Motorola,Motorola One Macro,149.99,209.0,4,64.0,Dual SIM,Si,Si,Blue,LCD,"6,2",No,4000.0,157.6,75.4,0.9,183.0,1,59.00999999999999,1,28.000000000000004,3
2020-08-05 08:34:13.957059,2020-08-05,1,MediaWorld,Android,Motorola,G8 Plus,269.99,269.99,4,64.0,Dual SIM,Si,Si,Red,LCD,"6,3",No,4000.0,158.4,75.8,0.91,179.0,2,0.0,0,0.0,1
2020-08-05 08:34:42.371756,2020-08-05,1,MediaWorld,Android,Motorola,G8 Plus,199.99,269.0,4,64.0,Dual SIM,Si,Si,Blue,LCD,"6,3",No,4000.0,158.4,75.8,0.91,179.0,1,69.00999999999999,1,26.0,3
2020-08-05 08:35:13.483173,2020-08-05,1,MediaWorld,Android,Motorola,E6 Plus 4/64,129.99,169.99,4,64.0,Dual SIM,Si,Si,Black/Grey,LCD,"6,1",No,3000.0,155.6,73.1,0.86,155.0,1,40.0,1,24.0,3
2020-08-05 08:35:40.344999,2020-08-05,1,MediaWorld,Android,Motorola,One Action,179.99,279.99,4,128.0,Dual SIM,Si,Si,White,LCD,"6,3",No,3500.0,160.10000000000005,71.2,0.92,181.0,1,100.0,1,36.0,4
2020-08-05 08:36:03.450997,2020-08-05,1,MediaWorld,Android,Motorola,Motorola One Action,179.99,279.99,4,128.0,Dual SIM,Si,Si,Blue,LCD,"6,3",No,3500.0,160.10000000000005,71.2,0.92,181.0,1,100.0,1,36.0,4
2020-08-05 08:36:27.448695,2020-08-05,1,MediaWorld,Android,Huawei,Psmart Pro Crystal,259.99,299.99,6,128.0,Dual SIM,Si,Si,Breathing Crystal,LCD,"6,59",No,4000.0,163.1,77.2,0.88,206.0,2,40.0,1,13.0,2
2020-08-05 08:36:50.425310,2020-08-05,1,MediaWorld,Android,Huawei,P40 Pro Silver,1049.0,1049.9,8,256.0,Dual SIM,Si,Si,Silver,OLED,"6,58",No,4200.0,158.2,72.6,0.89,209.0,9,0.900000000000091,1,0.0,1
2020-08-05 08:37:16.010157,2020-08-05,1,MediaWorld,Android,Huawei,P40 Silver,699.0,799.9,8,128.0,Dual SIM,Si,Si,Silver,OLED,"6,1",No,3800.0,148.9,71.06,0.85,175.0,6,100.89999999999998,1,13.0,2
2020-08-05 08:37:44.440833,2020-08-05,1,MediaWorld,Android,Huawei,P40 Gold,699.0,799.9,8,128.0,Dual SIM,Si,Si,Gold,OLED,"6,1",No,3800.0,148.9,71.06,0.85,175.0,6,100.89999999999998,1,13.0,2
2020-08-05 08:38:08.892375,2020-08-05,1,MediaWorld,Android,Huawei,P40 Pro Gold,909.0,1049.9,8,256.0,Dual SIM,Si,Si,Gold,OLED,"6,58",No,4200.0,158.2,72.6,0.89,209.0,9,140.9000000000001,1,13.0,2
2020-08-05 08:38:38.585607,2020-08-05,1,MediaWorld,Android,Huawei,P40 Black,615.0,799.9,8,128.0,Dual SIM,Si,Si,Black,OLED,"6,1",No,3800.0,148.9,71.06,0.85,175.0,6,184.89999999999998,1,23.0,3
2020-08-05 08:39:01.369126,2020-08-05,1,MediaWorld,Android,Xiaomi,Xiaomi Mi 10 8+256 Green,753.0,899.0,8,256.0,Mono SIM,Si,Si,Green,OLED,"6,67",No,4780.0,74.80000000000003,162.5,0.93,210.0,7,146.0,1,16.0,2
2020-08-05 08:39:23.346666,2020-08-05,1,MediaWorld,Android,Xiaomi,Xiaomi Mi 10 8+256 Grey,753.0,899.0,8,256.0,Mono SIM,Si,Si,Grey,OLED,"6,67",No,4780.0,74.80000000000003,162.5,0.93,210.0,7,146.0,1,16.0,2
2020-08-05 08:39:46.901193,2020-08-05,1,MediaWorld,Android,Huawei,P40 Lite E Blue,159.99,199.0,4,64.0,Dual SIM,Si,Si,Blue,LCD,"6,39",No,4000.0,159.8,76.10000000000002,0.81,176.0,1,39.00999999999999,1,20.0,2
2020-08-05 08:40:14.846452,2020-08-05,1,MediaWorld,Android,Huawei,P40 Lite E Black,166.99,199.0,4,64.0,Dual SIM,Si,Si,Black,LCD,"6,39",No,4000.0,159.8,76.10000000000002,0.81,176.0,1,32.00999999999999,1,16.0,2
2020-08-05 08:40:39.694219,2020-08-05,1,MediaWorld,Android,Oppo,Find X2 Lite,449.1,499.0,8,128.0,Mono SIM,Si,Si,White,AMOLED,"6,4",No,4025.0,160.3,74.3,0.7959999999999999,180.0,4,49.89999999999998,1,10.0,1
2020-08-05 08:41:03.703095,2020-08-05,1,MediaWorld,Android,Huawei,Y6p Purple,135.15,159.0,3,64.0,Dual SIM,Si,Si,Purple,LCD,"6,3",No,5000.0,159.0,74.6,0.9,185.0,1,23.849999999999994,1,15.0,2
2020-08-05 08:41:32.113568,2020-08-05,1,MediaWorld,Android,Xiaomi,Mi 10 Lite 5G 6+128 White,369.0,399.0,6,128.0,Dual SIM,Si,Si,White,AMOLED,"6,57",No,4160.0,137.10000000000002,74.7,0.79,192.0,3,30.0,1,8.0,1
2020-08-05 08:42:00.755189,2020-08-05,1,MediaWorld,Android,Xiaomi,Mi 10 Lite 5G 6+128 Blue,379.0,399.0,6,128.0,Dual SIM,Si,Si,Blue,AMOLED,"6,57",No,4160.0,137.10000000000002,74.7,0.79,192.0,3,20.0,1,5.0,1
2020-08-05 08:42:28.287760,2020-08-05,1,MediaWorld,Android,Samsung,SAMSUNG GALAXY A21s,209.99,209.99,3,32.0,Dual SIM,Si,Si,Black,TFT,"6,5",Vodafone,5000.0,163.70000000000005,75.3,0.89,192.0,2,0.0,0,0.0,1
2020-08-05 08:42:51.009918,2020-08-05,1,MediaWorld,iOS,APPLE,iPhone SE 64GB,669.0,728.99,,64.0,Mono SIM,Si,Si,Black,Retina,"4,7",No,,101.0,101.0,3.4,190.0,6,59.99000000000001,1,8.0,1
2020-08-05 08:43:18.070694,2020-08-05,1,MediaWorld,iOS,APPLE,iPhone SE 64GB,669.0,728.99,,64.0,Mono SIM,Si,Si,White,Retina,"4,7",No,,101.0,101.0,3.4,190.0,6,59.99000000000001,1,8.0,1
2020-08-05 08:43:42.574795,2020-08-05,1,MediaWorld,iOS,APPLE,iPhone SE 128GB,749.0,818.0,,128.0,Mono SIM,Si,Si,Black,Retina,"4,7",No,,42.5,36.4,1.14,32.0,7,69.0,1,8.0,1
2020-08-05 08:44:13.754200,2020-08-05,1,MediaWorld,iOS,APPLE,iPhone SE 128GB,749.0,818.0,,128.0,Mono SIM,Si,Si,White,Retina,"4,7",No,,42.5,36.4,1.14,32.0,7,69.0,1,8.0,1
2020-08-05 08:44:47.500356,2020-08-05,1,MediaWorld,iOS,APPLE,iPhone SE 128GB,749.0,818.0,,128.0,Mono SIM,Si,Si,Red,Retina,"4,7",No,,42.5,36.4,1.14,32.0,7,69.0,1,8.0,1
2020-08-13 15:01:23.625371,2020-08-13,2,Unieuro,Android,Xiaomi,Redmi Note 8T 16,179.9,229.9,4,64.0,Dual SIM,Si,Si,Grey,IPS,6.3,No,4000.0,161.15,75.4,8.6,199.8,1,50.0,1,22.0,3
2020-08-13 15:02:01.698153,2020-08-13,2,Unieuro,Android,Samsung,Galaxy A20e,139.9,169.9,3,32.0,Dual SIM,Si,Si,Black,PLS,5.8,No,3000.0,147.4,69.7,8.4,141.0,1,30.0,1,18.0,2
2020-08-13 15:02:53.076178,2020-08-13,2,Unieuro,Android,Samsung,Galaxy A51,268.9,379.9,4,128.0,Dual SIM,Si,Si,Black,SAMOLED,6.5,No,4000.0,158.5,73.6,7.9,172.0,2,111.0,1,28.999999999999996,3
2020-08-13 15:03:49.773108,2020-08-13,2,Unieuro,Android,Samsung,Galaxy S10 Lite,499.0,679.0,8,128.0,Dual SIM,Si,Si,Black,SAMOLED,6.7,No,4500.0,162.5,75.6,8.1,186.0,4,180.0,1,27.0,3
2020-08-13 15:04:42.985259,2020-08-13,2,Unieuro,Android,Huawei,P30 lite,229.0,299.9,4,128.0,Dual SIM ibrida,Si,Si,Black,IPS,6.15,No,3340.0,152.9,72.7,7.4,159.0,2,70.89999999999998,1,24.0,3
2020-08-13 15:05:23.049752,2020-08-13,2,Unieuro,Android,Samsung,Galaxy Note10 Lite,479.0,629.0,6,128.0,Dual SIM,Si,Si,Blue,SAMOLED,6.7,No,4500.0,163.7,76.1,8.7,199.0,4,150.0,1,24.0,3
2020-08-13 15:06:11.985816,2020-08-13,2,Unieuro,Android,Samsung,Galaxy,595.0,929.0,8,128.0,Dual SIM,Si,Si,Grey,Dynamic AMOLED,6.2,No,4000.0,151.7,69.1,7.9,163.0,5,334.0,1,36.0,4
2020-08-13 15:07:25.495099,2020-08-13,2,Unieuro,Android,Samsung,Galaxy A20e,139.9,169.9,3,32.0,Dual SIM,Si,Si,White,PLS,5.8,No,3000.0,147.4,69.7,8.4,141.0,1,30.0,1,18.0,2
2020-08-13 15:08:18.712808,2020-08-13,2,Unieuro,Android,Samsung,Galaxy A30s,189.9,259.9,4,128.0,Dual SIM,Si,Si,Green,SAMOLED,6.4,No,4000.0,158.5,74.7,7.8,169.0,1,69.99999999999997,1,27.0,3
2020-08-13 15:08:59.725827,2020-08-13,2,Unieuro,Android,Huawei,P30 lite,229.0,299.9,4,128.0,Dual SIM ibrida,Si,Si,Blue,IPS,6.15,No,3340.0,152.9,72.7,7.4,159.0,2,70.89999999999998,1,24.0,3
2020-08-13 15:09:48.736274,2020-08-13,2,Unieuro,Android,Samsung,Galaxy A30s,189.9,259.9,4,128.0,Dual SIM,Si,Si,White,SAMOLED,6.4,No,4000.0,158.5,74.7,7.8,169.0,1,69.99999999999997,1,27.0,3
2020-08-13 15:10:30.349968,2020-08-13,2,Unieuro,Android,Samsung,Galaxy A71,369.9,479.9,6,128.0,Dual SIM,Si,Si,Black,SAMOLED,6.7,No,4500.0,163.6,76.0,7.7,179.0,3,110.0,1,23.0,3
2020-08-13 15:11:15.159617,2020-08-13,2,Unieuro,Android,Samsung,Galaxy A20e,139.9,169.9,3,32.0,Dual SIM,Si,Si,Blue,PLS,5.8,No,3000.0,147.4,69.7,8.4,141.0,1,30.0,1,18.0,2
2020-08-13 15:12:08.830889,2020-08-13,2,Unieuro,Android,Samsung,Galaxy A51,268.9,379.9,4,128.0,Dual SIM,Si,Si,White,SAMOLED,6.5,No,4000.0,158.5,73.6,7.9,172.0,2,111.0,1,28.999999999999996,3
2020-08-13 15:13:09.463521,2020-08-13,2,Unieuro,Android,Samsung,Galaxy S10 Lite,499.0,679.0,8,128.0,Dual SIM,Si,Si,White,SAMOLED,6.7,No,4500.0,162.5,75.6,8.1,186.0,4,180.0,1,27.0,3
2020-08-13 15:13:58.143821,2020-08-13,2,Unieuro,Android,Samsung,Galaxy S10 Lite,499.0,679.0,8,128.0,Dual SIM,Si,Si,Blue,SAMOLED,6.7,No,4500.0,162.5,75.6,8.1,186.0,4,180.0,1,27.0,3
2020-08-13 15:14:45.780076,2020-08-13,2,Unieuro,Android,realme,5,147.0,199.9,4,128.0,Dual SIM,Si,Si,Blue,IPS,6.5,No,5000.0,164.4,75.6,9.3,198.0,1,52.900000000000006,1,26.0,3
2020-08-13 15:15:26.216395,2020-08-13,2,Unieuro,Android,Samsung,Galaxy A51,268.9,379.9,4,128.0,Dual SIM,Si,Si,Blue,SAMOLED,6.5,No,4000.0,158.5,73.6,7.9,172.0,2,111.0,1,28.999999999999996,3
2020-08-13 15:16:32.245787,2020-08-13,2,Unieuro,Android,Samsung,Galaxy A71,369.9,479.9,6,128.0,Dual SIM,Si,Si,Silver,SAMOLED,6.7,No,4500.0,163.6,76.0,7.7,179.0,3,110.0,1,23.0,3
2020-08-13 15:17:20.744778,2020-08-13,2,Unieuro,Android,Samsung,Galaxy A71,369.9,479.9,6,128.0,Dual SIM,Si,Si,Blue,SAMOLED,6.7,No,4500.0,163.6,76.0,7.7,179.0,3,110.0,1,23.0,3
2020-08-13 15:18:05.798279,2020-08-13,2,Unieuro,Android,Samsung,Galaxy Note10 Lite,479.0,629.0,6,128.0,Dual SIM,Si,Si,Black,SAMOLED,6.7,No,4500.0,163.7,76.1,8.7,199.0,4,150.0,1,24.0,3
2020-08-13 15:18:55.287679,2020-08-13,2,Unieuro,Android,Huawei,P30 lite,229.0,299.9,4,128.0,Dual SIM ibrida,Si,Si,White,IPS,6.15,No,3340.0,152.9,72.7,7.4,159.0,2,70.89999999999998,1,24.0,3
2020-08-13 15:19:42.604341,2020-08-13,2,Unieuro,Android,Xiaomi,Redmi Note 8 Pro,229.9,299.9,6,128.0,Dual SIM ibrida,Si,Si,Black,N.d,6.53,No,4500.0,161.35,76.4,8.79,199.8,2,69.99999999999997,1,23.0,3
2020-08-13 15:20:29.455890,2020-08-13,2,Unieuro,Android,Motorola,moto g8 power,199.0,249.99,4,64.0,N.d,Si,Si,Black,IPS,6.4,No,5000.0,155.95,75.84,9.63,197.0,1,50.99000000000001,1,20.0,2
2020-08-13 15:21:04.954491,2020-08-13,2,Unieuro,Android,ASUS,ZenFone Max (M1) nero,119.0,159.99,3,32.0,Dual SIM,Si,Si,Black,N.d,5.5,No,4000.0,8.7,147.3,70.9,150.0,1,40.99000000000001,1,26.0,3
2020-08-13 15:21:34.923873,2020-08-13,2,Unieuro,Android,Huawei,P20 Pro,259.0,329.0,6,128.0,Mono SIM,Si,Si,Black,AMOLED,6.1,No,4000.0,155.0,73.9,7.8,180.0,2,70.0,1,21.0,3
2020-08-13 15:22:30.387776,2020-08-13,2,Unieuro,Android,Huawei,P30 lite New Edition,279.0,349.9,6,256.0,Dual SIM ibrida,Si,Si,Blue,IPS,6.15,No,3340.0,152.9,72.7,7.4,159.0,2,70.89999999999998,1,20.0,2
2020-08-13 15:23:18.119341,2020-08-13,2,Unieuro,Android,Motorola,one Macro,149.9,209.99,4,64.0,Dual SIM ibrida,Si,Si,Blue,IPS,6.2,No,4000.0,157.6,75.41,8.99,186.0,1,60.09,1,28.999999999999996,3
2020-08-13 15:24:01.502987,2020-08-13,2,Unieuro,Android,Samsung,Galaxy A21s SM-A217F/DSN,179.9,209.9,3,32.0,Dual SIM,Si,N.d,Black,PLS,6.5,No,5000.0,163.7,75.3,8.9,192.0,1,30.0,1,14.000000000000002,2
2020-08-13 15:24:29.721489,2020-08-13,2,Unieuro,Android,Huawei,P40 lite E,179.9,199.9,4,64.0,Dual SIM,Si,N.d,Black,IPS,6.39,No,4000.0,159.81,76.13,8.13,176.0,1,20.0,1,10.0,1
2020-08-13 15:24:55.646128,2020-08-13,2,Unieuro,Android,Xiaomi,Redmi Note 9,199.9,229.9,4,128.0,Dual SIM,Si,N.d,Grey,N.d,6.53,No,5020.0,162.3,77.2,8.9,199.0,1,30.0,1,13.0,2
2020-08-13 15:25:31.049590,2020-08-13,2,Unieuro,Android,Samsung,Galaxy S10 SM-G973F/DS,579.0,779.0,8,128.0,Dual SIM ibrida,Si,Si,Black,Dynamic AMOLED,6.1,No,3400.0,149.9,70.4,7.8,157.0,5,200.0,1,26.0,3
2020-08-13 15:26:51.170213,2020-08-13,2,Unieuro,Android,Samsung,Galaxy A30s,199.0,279.0,4,64.0,Dual SIM,Si,N.d,White,SAMOLED,6.4,No,4000.0,158.5,74.7,7.8,169.0,1,80.0,1,28.999999999999996,3
2020-08-13 15:27:36.305067,2020-08-13,2,Unieuro,Android,Oppo,A5 2020,139.0,179.0,3,64.0,Dual SIM,Si,Si,Black,TFT,6.5,No,5000.0,163.6,75.6,9.1,195.0,1,40.0,1,22.0,3
2020-08-13 15:28:23.200967,2020-08-13,2,Unieuro,Android,Oppo,A9 2020,189.0,229.0,4,128.0,Dual SIM,Si,Si,Purple,TFT,6.5,No,5000.0,163.6,75.6,9.1,195.0,1,40.0,1,17.0,2
2020-08-13 15:29:05.485899,2020-08-13,2,Unieuro,Android,Samsung,Galaxy A41,239.9,299.9,4,64.0,N.d,Si,N.d,Black,SAMOLED,6.1,No,3500.0,149.9,68.9,7.9,152.0,2,59.99999999999997,1,20.0,2
2020-08-13 15:29:39.142200,2020-08-13,2,Unieuro,Android,Huawei,P40 lite,249.9,299.9,8,128.0,Dual SIM ibrida,Si,Si,Green,LCD,6.4,No,4200.0,159.2,76.3,8.7,183.0,2,49.99999999999997,1,17.0,2
2020-08-13 15:30:33.406148,2020-08-13,2,Unieuro,Android,Samsung,Galaxy,779.0,1029.0,8,128.0,Dual SIM,Si,Si,Blue,Dynamic AMOLED,6.7,No,4500.0,161.9,73.7,7.8,186.0,7,250.0,1,24.0,3
2020-08-13 15:31:43.964269,2020-08-13,2,Unieuro,Android,Oppo,A9 2020,189.0,229.0,4,128.0,Dual SIM,Si,Si,Green,TFT,6.5,No,5000.0,163.6,75.6,9.1,195.0,1,40.0,1,17.0,2
2020-08-13 15:32:26.538791,2020-08-13,2,Unieuro,Android,Huawei,P smart 2020,175.0,199.9,4,128.0,Dual SIM ibrida,Si,N.d,Blue,LCD,6.21,No,3400.0,153.36,73.55,8.2,163.0,1,24.900000000000006,1,12.0,2
2020-08-13 15:32:58.653665,2020-08-13,2,Unieuro,Android,Huawei,Y5p,99.9,109.9,2,32.0,Dual SIM,Si,N.d,Blue,IPS,5.45,No,3020.0,146.5,70.94,8.35,144.0,1,10.0,1,9.0,1
2020-08-13 15:33:25.256698,2020-08-13,2,Unieuro,Android,Huawei,P40 lite E,169.0,199.9,4,64.0,Dual SIM,Si,N.d,Blue,IPS,6.39,No,4000.0,159.81,76.13,8.13,176.0,1,30.900000000000006,1,15.0,2
2020-08-13 15:33:58.352356,2020-08-13,2,Unieuro,Android,Huawei,P30 lite New Edition,279.9,349.9,6,256.0,Dual SIM ibrida,Si,Si,Black,IPS,6.15,No,3340.0,152.9,72.7,7.4,159.0,2,70.0,1,20.0,2
2020-08-13 15:34:41.881961,2020-08-13,2,Unieuro,Android,Motorola,one Fusion+,259.0,299.9,6,128.0,Mono SIM,Si,N.d,Blue,IPS,6.5,No,5000.0,162.9,76.9,9.6,210.0,2,40.89999999999998,1,14.000000000000002,2
2020-08-13 15:35:18.519227,2020-08-13,2,Unieuro,Android,ASUS,ZenFone 6,399.0,499.0,6,64.0,Dual SIM,Si,Si,Black,IPS,6.4,No,5000.0,159.1,75.44,9.1,190.0,3,100.0,1,20.0,2
2020-08-13 15:36:11.915940,2020-08-13,2,Unieuro,Android,realme,5,146.0,199.9,4,128.0,Dual SIM,N.d,Si,Purple,N.d,6.5,No,5000.0,9.3,75.6,164.4,198.0,1,53.900000000000006,1,27.0,3
2020-08-13 15:36:36.794589,2020-08-13,2,Unieuro,Android,Huawei,P30 Pro,569.9,849.9,8,128.0,Dual SIM ibrida,Si,Si,Black,OLED,6.47,No,4200.0,158.0,73.4,8.41,192.0,5,280.0,1,33.0,4
2020-08-13 15:37:44.461925,2020-08-13,2,Unieuro,Android,Huawei,P30,439.0,649.9,6,128.0,Dual SIM ibrida,Si,Si,Black,OLED,6.1,No,3650.0,149.1,71.36,7.57,165.0,4,210.89999999999998,1,32.0,4
2020-08-13 15:38:43.923611,2020-08-13,2,Unieuro,Android,Huawei,Y6p 16,139.0,159.9,3,64.0,Dual SIM,Si,N.d,Black,IPS,6.3,No,5000.0,159.07,74.06,9.04,185.0,1,20.900000000000006,1,13.0,2
2020-08-13 15:39:12.657219,2020-08-13,2,Unieuro,Android,Samsung,Galaxy S20 Ultra,1299.0,1379.0,12,128.0,Dual SIM,Si,Si,Black,Dynamic AMOLED,6.9,No,5000.0,166.9,76.0,8.8,220.0,9,80.0,1,6.0,1
2020-08-13 15:40:22.322658,2020-08-13,2,Unieuro,Android,Xiaomi,Redmi Note 8 Pro,229.9,299.9,6,128.0,Dual SIM ibrida,Si,Si,Green,N.d,6.53,No,4500.0,161.35,76.4,8.79,199.8,2,69.99999999999997,1,23.0,3
2020-08-13 15:41:15.191490,2020-08-13,2,Unieuro,Android,Samsung,Galaxy A41,239.9,299.9,4,64.0,N.d,Si,N.d,White,SAMOLED,6.1,No,3500.0,149.9,68.9,7.9,152.0,2,59.99999999999997,1,20.0,2
2020-08-13 15:41:46.435391,2020-08-13,2,Unieuro,Android,Xiaomi,Redmi Note 9,199.9,229.9,4,128.0,Dual SIM,Si,N.d,Green,N.d,6.53,No,5020.0,162.3,77.2,8.9,199.0,1,30.0,1,13.0,2
2020-08-13 15:42:18.801474,2020-08-13,2,Unieuro,Android,Huawei,Y5p,95.0,109.9,2,32.0,Dual SIM,Si,N.d,Black,IPS,5.45,No,3020.0,146.5,70.94,8.35,144.0,1,14.900000000000006,1,14.000000000000002,2
2020-08-13 15:42:40.676865,2020-08-13,2,Unieuro,Android,Huawei,P40 lite,249.9,299.9,8,128.0,Dual SIM ibrida,Si,Si,Black,LCD,6.4,No,4200.0,159.2,76.3,8.7,183.0,2,49.99999999999997,1,17.0,2
2020-08-13 15:43:35.280586,2020-08-13,2,Unieuro,Android,Samsung,Galaxy A41 SM-A415F,239.9,299.9,4,64.0,N.d,Si,N.d,Blue,SAMOLED,6.1,No,3500.0,149.9,68.9,7.9,152.0,2,59.99999999999997,1,20.0,2
2020-08-13 15:44:14.573581,2020-08-13,2,Unieuro,Android,Samsung,Galaxy S10,579.0,779.0,8,128.0,Dual SIM ibrida,Si,Si,Green,Dynamic AMOLED,6.1,No,3400.0,149.9,70.4,7.8,157.0,5,200.0,1,26.0,3
2020-08-13 15:45:35.288420,2020-08-13,2,Unieuro,Android,Oppo,A5 2020,139.0,179.0,3,64.0,Dual SIM,Si,Si,White,TFT,6.5,No,5000.0,163.6,75.6,9.1,195.0,1,40.0,1,22.0,3
2020-08-13 15:46:18.297681,2020-08-13,2,Unieuro,Android,Motorola,Moto E 6s,105.0,129.99,2,32.0,Dual SIM,Si,N.d,Blue,IPS,6.1,No,3000.0,155.6,73.0,8.5,160.0,1,24.99000000000001,1,19.0,2
2020-08-13 15:46:44.589744,2020-08-13,2,Unieuro,Android,Samsung,Galaxy A21s SM-A217F/DSN,179.9,209.9,3,32.0,Dual SIM,Si,N.d,White,PLS,6.5,No,5000.0,163.7,75.3,8.9,192.0,1,30.0,1,14.000000000000002,2
2020-08-13 15:47:16.080311,2020-08-13,2,Unieuro,Android,Samsung,Galaxy,779.0,1029.0,8,128.0,Dual SIM,Si,Si,Black,Dynamic AMOLED,6.7,No,4500.0,161.9,73.7,7.8,186.0,7,250.0,1,24.0,3
2020-08-13 15:48:28.876328,2020-08-13,2,Unieuro,Android,Huawei,P smart 2019,159.0,199.9,3,64.0,Dual SIM,Si,Si,Black,TFT-LCD,6.21,No,3400.0,155.2,73.4,7.95,160.0,1,40.900000000000006,1,20.0,2
2020-08-13 15:48:59.227834,2020-08-13,2,Unieuro,Android,Samsung,Galaxy A21s SM-A217F/DSN,179.9,209.9,3,32.0,Dual SIM,Si,N.d,Blue,PLS,6.5,No,5000.0,163.7,75.3,8.9,192.0,1,30.0,1,14.000000000000002,2
2020-08-13 15:49:30.455107,2020-08-13,2,Unieuro,Android,Huawei,P Smart 2019,159.9,199.9,3,64.0,Dual SIM,Si,Si,Blue,TFT-LCD,6.21,No,3400.0,155.2,73.4,7.95,160.0,1,40.0,1,20.0,2
2020-08-13 15:49:57.795171,2020-08-13,2,Unieuro,Android,Xiaomi,Redmi Note 9,199.9,229.9,4,128.0,Dual SIM,Si,N.d,White,N.d,6.53,No,5020.0,162.3,77.2,8.9,199.0,1,30.0,1,13.0,2
2020-08-13 15:50:27.346947,2020-08-13,2,Unieuro,Android,Samsung,Galaxy S10 SM-G973F/DS,579.0,779.0,8,128.0,Dual SIM ibrida,Si,Si,White,Dynamic AMOLED,6.1,No,3400.0,149.9,70.4,7.8,157.0,5,200.0,1,26.0,3
2020-08-13 15:51:46.532949,2020-08-13,2,Unieuro,Android,ASUS,ZenFone Max (M1) oro,119.0,159.99,3,32.0,Dual SIM,Si,Si,Gold,N.d,5.5,No,4000.0,8.7,147.3,70.9,150.0,1,40.99000000000001,1,26.0,3
2020-08-13 15:52:07.594037,2020-08-13,2,Unieuro,Android,Huawei,P30 Pro,569.9,849.9,8,128.0,Dual SIM ibrida,Si,Si,Blue,OLED,6.47,No,4200.0,158.0,73.4,8.41,192.0,5,280.0,1,33.0,4
2020-08-13 15:53:15.401415,2020-08-13,2,Unieuro,Android,Motorola,one Zoom,289.0,429.99,4,128.0,Dual SIM,Si,Si,Grey,OLED,6.4,No,4000.0,158.0,75.0,8.8,190.0,2,140.99,1,33.0,4
2020-08-13 15:53:55.620382,2020-08-13,2,Unieuro,Android,ASUS,ROG Phone ZS600KL-1A032EU smartphone,399.0,599.0,8,128.0,Dual SIM,Si,N.d,Black,AMOLED,6,No,4000.0,8.3,158.83,76.16,200.0,3,200.0,1,33.0,4
2020-08-13 15:54:18.151703,2020-08-13,2,Unieuro,Android,Huawei,P30 Lite,229.0,299.9,4,128.0,Dual SIM ibrida,Si,Si,Blue,IPS,6.15,No,3340.0,152.9,72.7,7.4,159.0,2,70.89999999999998,1,24.0,3
2020-08-13 15:55:03.383558,2020-08-13,2,Unieuro,Android,Xiaomi,Redmi Note 8 Pro,229.9,299.9,6,128.0,Dual SIM ibrida,Si,Si,Blue,N.d,6.53,No,4500.0,161.35,76.4,8.79,199.8,2,69.99999999999997,1,23.0,3
2020-08-13 15:55:44.383566,2020-08-13,2,Unieuro,Android,Oppo,Reno2,349.9,449.0,8,256.0,Dual SIM,Si,Si,Black,AMOLED,6.5,No,4000.0,160.0,74.3,9.5,189.0,3,99.10000000000002,1,22.0,3
2020-08-13 15:56:27.503724,2020-08-13,2,Unieuro,Android,Huawei,P30 Pro,569.9,849.9,8,128.0,Dual SIM ibrida,Si,Si,Blue,OLED,6.47,No,4200.0,158.0,73.4,8.41,192.0,5,280.0,1,33.0,4
2020-08-13 15:57:09.223218,2020-08-13,2,Unieuro,Android,Huawei,P30,439.0,649.9,6,128.0,Dual SIM ibrida,Si,Si,Multicolor,OLED,6.1,No,3650.0,149.1,71.36,7.57,165.0,4,210.89999999999998,1,32.0,4
2020-08-13 15:58:05.560471,2020-08-13,2,Unieuro,Android,Oppo,Reno2,349.9,449.0,8,256.0,Dual SIM,Si,Si,Blue,AMOLED,6.5,No,4000.0,160.0,74.3,9.5,189.0,3,99.10000000000002,1,22.0,3
2020-08-13 15:58:51.398936,2020-08-13,2,Unieuro,Android,Huawei,P40 lite,249.9,299.9,8,128.0,Dual SIM ibrida,Si,Si,Pink,LCD,6.4,No,4200.0,159.2,76.3,8.7,183.0,2,49.99999999999997,1,17.0,2
2020-08-13 15:59:38.836558,2020-08-13,2,Unieuro,Android,Oppo,A52,169.9,199.0,4,64.0,Dual SIM,Si,N.d,White,IPS,6.5,No,4880.0,162.0,75.5,8.9,192.0,1,29.099999999999994,1,15.0,2
2020-08-13 16:00:03.620598,2020-08-13,2,Unieuro,Android,LG,K41S LMK410EMW,149.0,159.9,3,32.0,Dual SIM,Si,N.d,Titanium,IPS,6.55,No,4000.0,165.7,76.4,8.2,189.0,1,10.900000000000006,1,7.000000000000001,1
2020-08-13 16:00:37.175404,2020-08-13,2,Unieuro,Android,Huawei,P30,439.0,649.9,6,128.0,Dual SIM ibrida,Si,Si,Blue,OLED,6.1,No,3650.0,149.1,71.36,7.57,165.0,4,210.89999999999998,1,32.0,4
2020-08-13 16:01:37.780720,2020-08-13,2,Unieuro,Android,Huawei,P smart 2020,179.0,199.9,4,128.0,Dual SIM ibrida,Si,N.d,Black,LCD,6.21,No,3400.0,153.36,73.55,8.2,163.0,1,20.900000000000006,1,10.0,1
2020-08-13 16:02:07.311067,2020-08-13,2,Unieuro,Android,Huawei,Y6p 16,138.0,159.9,3,64.0,Dual SIM,Si,N.d,Green,IPS,6.3,No,5000.0,159.07,74.06,9.04,185.0,1,21.900000000000006,1,14.000000000000002,2
2020-08-13 16:02:36.548160,2020-08-13,2,Unieuro,Android,ASUS,ROG Phone 3 Strix,799.0,868.99,8,256.0,Dual SIM,Si,N.d,Black,AMOLED,6.59,No,6000.0,171.0,78.0,9.85,240.0,7,69.99000000000001,1,8.0,1
2020-08-13 16:03:11.603003,2020-08-13,2,Unieuro,Android,Motorola,EDGE smartphone 17,548.0,699.99,6,128.0,Dual SIM,Si,N.d,Black,OLED,6.7,No,4500.0,161.64,71.1,9.29,188.0,5,151.99,1,22.0,3
2020-08-13 16:03:45.191804,2020-08-13,2,Unieuro,Android,Oppo,A52,169.9,199.0,4,64.0,Dual SIM,Si,N.d,Black,IPS,6.5,No,5000.0,162.0,75.5,8.9,192.0,1,29.099999999999994,1,15.0,2
2020-08-13 16:04:18.385747,2020-08-13,2,Unieuro,Android,Huawei,Y6s,139.0,149.9,3,32.0,Dual SIM,Si,Si,Black,IPS,6.09,No,3020.0,156.28,73.5,8.0,150.0,1,10.900000000000006,1,7.000000000000001,1
2020-08-13 16:04:48.752873,2020-08-13,2,Unieuro,Android,Samsung,Galaxy,779.0,1029.0,8,128.0,Dual SIM,Si,Si,Grey,Dynamic AMOLED,6.7,No,4500.0,161.9,73.7,7.8,186.0,7,250.0,1,24.0,3
2020-08-13 16:05:59.292342,2020-08-13,2,Unieuro,Android,Samsung,Galaxy S10+ SM-G975F/DS,679.0,879.0,8,128.0,Dual SIM ibrida,Si,Si,Black,Dynamic AMOLED,6.4,No,4100.0,157.6,74.1,7.8,175.0,6,200.0,1,23.0,3
2020-08-13 16:07:21.069099,2020-08-13,2,Unieuro,Android,Huawei,P smart S 16,199.9,259.9,4,128.0,Dual SIM,Si,N.d,White,OLED,6.3,No,4000.0,157.4,73.2,7.75,163.0,1,59.99999999999997,1,23.0,3
2020-08-13 16:07:50.109181,2020-08-13,2,Unieuro,Android,ASUS,ZenFone Max ZB555KL-6C163EU 14,119.0,159.99,3,32.0,Dual SIM,Si,N.d,Red,IPS,5.5,No,4000.0,147.3,70.9,8.7,150.0,1,40.99000000000001,1,26.0,3
2020-08-13 16:08:26.616925,2020-08-13,2,Unieuro,Android,Samsung,Galaxy SM-A315G/DS,249.9,299.9,4,64.0,Dual SIM,Si,N.d,Black,SAMOLED,6.4,No,5000.0,159.3,73.1,8.6,185.0,2,49.99999999999997,1,17.0,2
2020-08-13 16:09:04.303905,2020-08-13,2,Unieuro,Android,realme,6,199.0,229.99,4,64.0,Dual SIM,Si,N.d,Blue,LCD,6.5,No,4300.0,162.1,74.8,9.6,191.0,1,30.99000000000001,1,13.0,2
2020-08-13 16:09:35.826065,2020-08-13,2,Unieuro,Android,Huawei,P40 lite 5G,369.0,399.9,6,128.0,Dual SIM ibrida,Si,Si,Silver,LTPS,6.5,No,4000.0,162.31,75.0,8.58,189.0,3,30.899999999999977,1,8.0,1
2020-08-13 16:10:06.982720,2020-08-13,2,Unieuro,Android,Motorola,g8 power lite,155.0,189.99,4,64.0,Dual SIM,Si,N.d,Blue,IPS,6.5,No,5000.0,164.94,75.76,9.2,200.0,1,34.99000000000001,1,18.0,2
2020-08-13 16:10:46.611694,2020-08-13,2,Unieuro,Android,Huawei,Y6p 16,139.0,159.9,3,64.0,Dual SIM,Si,N.d,Purple,IPS,6.3,No,5000.0,159.07,74.06,9.04,185.0,1,20.900000000000006,1,13.0,2
2020-08-13 16:11:13.562591,2020-08-13,2,Unieuro,Android,Huawei,P smart Pro,251.0,299.9,6,128.0,Dual SIM ibrida,Si,Si,Black,TFT-LCD,6.59,No,4000.0,163.1,77.2,8.8,206.0,2,48.89999999999998,1,16.0,2
2020-08-13 16:11:48.519569,2020-08-13,2,Unieuro,Android,realme,6 Pro,299.9,349.99,8,128.0,Dual SIM,Si,N.d,Blue,LCD,6.6,No,4300.0,163.8,75.8,8.9,202.0,2,50.09000000000003,1,14.000000000000002,2
2020-08-13 16:12:19.913520,2020-08-13,2,Unieuro,Android,realme,6,199.0,229.99,4,64.0,Dual SIM,Si,N.d,White,LCD,6.5,No,4300.0,162.1,74.8,9.6,191.0,1,30.99000000000001,1,13.0,2
2020-08-13 16:12:54.985389,2020-08-13,2,Unieuro,Android,Motorola,one Macro,149.9,209.99,4,64.0,Dual SIM ibrida,Si,Si,Purple,IPS,6.2,No,4000.0,157.6,75.41,8.99,186.0,1,60.09,1,28.999999999999996,3
2020-08-13 16:13:37.566701,2020-08-13,2,Unieuro,Android,Huawei,P smart S 16,199.9,259.9,4,128.0,Dual SIM,Si,N.d,Black,OLED,6.3,No,4000.0,157.4,73.2,7.75,163.0,1,59.99999999999997,1,23.0,3
2020-08-13 16:14:06.776785,2020-08-13,2,Unieuro,Android,Huawei,Y5p,95.0,109.9,2,32.0,Dual SIM,Si,N.d,Green,IPS,5.45,No,3020.0,146.5,70.94,8.35,144.0,1,14.900000000000006,1,14.000000000000002,2
2020-08-13 16:14:32.169615,2020-08-13,2,Unieuro,Android,Huawei,P smart 2020,179.0,199.9,4,128.0,Dual SIM ibrida,Si,N.d,Green,LCD,6.21,No,3400.0,153.36,73.55,8.2,163.0,1,20.900000000000006,1,10.0,1
2020-08-13 16:14:59.280597,2020-08-13,2,Unieuro,Android,Motorola,G8 Power,199.0,249.0,4,64.0,Dual SIM ibrida,Si,Si,Blue,IPS,6.4,Vodafone,5000.0,157.95,75.84,9.63,197.0,1,50.0,1,20.0,2
2020-08-13 16:15:38.114389,2020-08-13,2,Unieuro,Android,Huawei,P40 lite 5G,369.0,399.9,6,128.0,Dual SIM ibrida,Si,Si,Black,LTPS,6.5,No,4000.0,162.31,75.0,8.58,189.0,3,30.899999999999977,1,8.0,1
2020-08-13 16:16:11.532662,2020-08-13,2,Unieuro,Android,Nokia,6.2 16,169.0,239.99,4,64.0,N.d,Si,Si,Black,N.d,6.3,No,3500.0,159.92,75.15,8.25,180.0,1,70.99000000000001,1,30.0,3
2020-08-13 16:16:49.680551,2020-08-13,2,Unieuro,Android,LG,K51S LMK510EMW,179.9,219.9,3,64.0,Dual SIM,Si,N.d,Titanium,IPS,6.55,No,4000.0,165.2,76.7,8.2,194.0,1,40.0,1,18.0,2
2020-08-13 16:17:24.663977,2020-08-13,2,Unieuro,Android,Wiko,VIEW3 Lite,109.0,129.99,2,32.0,Dual SIM,Si,Si,Silver,IPS,6.09,No,4000.0,155.5,73.0,8.7,160.1,1,20.99000000000001,1,16.0,2
2020-08-13 16:18:00.602451,2020-08-13,2,Unieuro,Android,Oppo,A91,279.9,329.0,8,128.0,Dual SIM,Si,N.d,Black,AMOLED,6.4,No,4025.0,160.2,73.3,7.9,172.0,2,49.10000000000002,1,15.0,2
2020-08-13 16:18:37.861126,2020-08-13,2,Unieuro,Android,LG,Velvet,549.9,649.9,6,128.0,N.d,Si,N.d,"Red, Yellow",OLED,6.8,No,4300.0,167.2,74.1,7.9,180.0,5,100.0,1,15.0,2
2020-08-13 16:19:19.335684,2020-08-13,2,Unieuro,Android,Samsung,Galaxy XCover 4s SM-G398FN/DS,269.9,269.9,3,32.0,Dual SIM,Si,Si,Black,TFT,5,No,2800.0,146.2,73.3,9.7,172.0,2,0.0,0,0.0,1
2020-08-13 16:19:59.042938,2020-08-13,2,Unieuro,Android,Motorola,Moto E Moto E6 play 14,99.9,119.99,2,32.0,Dual SIM,Si,Si,Black,IPS,5.5,No,3000.0,146.5,70.9,8.3,140.0,1,20.08999999999999,1,17.0,2
2020-08-13 16:20:32.263776,2020-08-13,2,Unieuro,Android,Huawei,Mate 20,369.0,799.99,4,128.0,N.d,Si,Si,Blue,IPS,6.53,No,4000.0,158.2,77.2,8.3,188.0,3,430.99,1,54.0,6
2020-08-13 16:21:22.168426,2020-08-13,2,Unieuro,Android,Huawei,Mate 30 Pro,699.0,1099.9,8,256.0,Dual SIM ibrida,Si,Si,Silver,OLED,6.53,No,4500.0,158.1,73.1,8.8,198.0,6,400.9000000000001,1,36.0,4
2020-08-13 16:22:08.400004,2020-08-13,2,Unieuro,Android,realme,6i,179.0,199.99,4,128.0,Dual SIM,Si,N.d,White,LCD,6.5,No,5000.0,164.4,75.4,9.0,199.0,1,20.99000000000001,1,10.0,1
2020-08-13 16:22:44.431960,2020-08-13,2,Unieuro,Android,Samsung,Galaxy S20+,1099.0,1129.0,8,128.0,Dual SIM,Si,Si,Black,Dynamic AMOLED,6.7,No,4500.0,161.9,73.7,7.8,186.0,9,30.0,1,3.0,1
2020-08-13 16:24:02.149810,2020-08-13,2,Unieuro,Android,LG,K40,79.0,129.9,2,32.0,N.d,Si,Si,Blue,IPS,5.7,TIM,3000.0,153.0,71.9,8.3,144.0,1,50.900000000000006,1,39.0,4
2020-08-13 16:24:43.355762,2020-08-13,2,Unieuro,Android,Samsung,Galaxy Z Flip,1299.0,1499.0,8,256.0,Mono SIM,Si,Si,Black,Dynamic AMOLED,6.7,No,3300.0,167.3,73.6,7.2,183.0,9,200.0,1,13.0,2
2020-08-13 16:25:33.377768,2020-08-13,2,Unieuro,Android,Wiko,View4 Lite,119.9,129.99,2,32.0,Dual SIM,Si,Si,Blue,IPS,6.52,No,4000.0,167.0,76.8,8.45,174.0,1,10.090000000000003,1,8.0,1
2020-08-13 16:26:14.853649,2020-08-13,2,Unieuro,Android,Huawei,Mate 20,369.0,799.99,4,128.0,N.d,Si,Si,Black,IPS,6.53,No,4000.0,158.2,77.2,8.3,188.0,3,430.99,1,54.0,6
2020-08-13 16:27:03.679573,2020-08-13,2,Unieuro,Android,Motorola,Moto E 6 Play 14,99.9,119.99,2,32.0,Mono SIM,Si,N.d,Black,IPS,5.5,No,3000.0,146.5,70.9,8.3,140.0,1,20.08999999999999,1,17.0,2
2020-08-13 16:27:26.166836,2020-08-13,2,Unieuro,Android,Oppo,A91,279.9,329.0,8,128.0,Dual SIM,Si,N.d,Blue,AMOLED,6.4,No,4025.0,160.2,73.3,7.9,172.0,2,49.10000000000002,1,15.0,2
2020-08-13 16:28:05.417845,2020-08-13,2,Unieuro,Android,Samsung,Galaxy Z Flip,1299.0,1499.0,8,256.0,Mono SIM,Si,Si,Purple,Dynamic AMOLED,6.7,No,3300.0,167.3,73.6,7.2,183.0,9,200.0,1,13.0,2
2020-08-13 16:28:58.374324,2020-08-13,2,Unieuro,Android,Huawei,P40 Pro,1049.9,1049.9,8,256.0,Dual SIM ibrida,Si,N.d,Silver,OLED,6.58,No,4200.0,158.2,72.6,8.95,209.0,9,0.0,0,0.0,1
2020-08-13 16:29:35.777625,2020-08-13,2,Unieuro,Android,Xiaomi,Redmi Note 8 Pro,229.9,299.9,6,128.0,Dual SIM,Si,Si,White,N.d,6.53,No,4500.0,161.35,76.4,8.79,199.8,2,69.99999999999997,1,23.0,3
2020-08-13 16:30:19.740025,2020-08-13,2,Unieuro,Android,Huawei,P smart Pro,251.0,299.9,6,128.0,Dual SIM ibrida,Si,Si,Pearl,TFT-LCD,6.59,No,4000.0,163.1,77.2,8.8,206.0,2,48.89999999999998,1,16.0,2
2020-08-13 16:30:53.828333,2020-08-13,2,Unieuro,Android,LG,Velvet,549.9,649.9,6,128.0,N.d,Si,N.d,Grey,OLED,6.8,No,4300.0,167.2,74.1,7.9,180.0,5,100.0,1,15.0,2
2020-08-13 16:31:39.918868,2020-08-13,2,Unieuro,Android,Samsung,Galaxy A20s SM-A207F,159.9,179.9,,,N.d,Si,Si,Black,TFT,6.5,No,4000.0,163.3,77.5,8.0,183.0,1,20.0,1,11.0,2
2020-08-13 16:32:19.966986,2020-08-13,2,Unieuro,Android,Huawei,P40 lite 5G,369.0,399.9,6,128.0,Dual SIM ibrida,Si,Si,Green,LTPS,6.5,No,4000.0,162.31,75.0,8.58,189.0,3,30.899999999999977,1,8.0,1
2020-08-13 16:32:48.669271,2020-08-13,2,Unieuro,Android,LG,K51S LMK510EMW,179.9,219.9,3,64.0,Dual SIM,Si,N.d,Pink,IPS,6.55,No,4000.0,165.2,76.7,8.2,194.0,1,40.0,1,18.0,2
2020-08-13 16:33:29.853418,2020-08-13,2,Unieuro,Android,realme,6,248.0,299.99,8,128.0,Dual SIM,Si,N.d,Blue,LCD,6.5,No,4300.0,162.1,74.8,9.6,191.0,2,51.99000000000001,1,17.0,2
2020-08-13 16:33:58.690611,2020-08-13,2,Unieuro,Android,realme,6 Pro,299.9,349.99,8,128.0,Dual SIM,Si,N.d,Red,LCD,6.6,No,4300.0,163.8,75.8,8.9,202.0,2,50.09000000000003,1,14.000000000000002,2
2020-08-13 16:34:32.505136,2020-08-13,2,Unieuro,Android,Samsung,Galaxy S20 5G,979.0,1029.0,8,128.0,Dual SIM,Si,Si,Grey,Dynamic AMOLED,6.2,No,4000.0,151.7,69.1,7.9,163.0,9,50.0,1,5.0,1
2020-08-13 16:35:46.774156,2020-08-13,2,Unieuro,Android,Huawei,P30 Pro,569.9,849.9,8,128.0,Dual SIM ibrida,Si,Si,Blue,OLED,6.47,No,4200.0,158.0,73.4,8.41,192.0,5,280.0,1,33.0,4
2020-08-13 16:36:48.173260,2020-08-13,2,Unieuro,Linux,Nokia,800 Tough,109.0,139.99,0.5,4.0,Dual SIM ibrida,N.d,Si,Black,N.d,2.4,No,2100.0,145.4,62.1,16.11,161.0,1,30.99000000000001,1,22.0,3
2020-08-13 16:37:07.727418,2020-08-13,2,Unieuro,Android,Motorola,G8 Power,199.0,249.99,4,64.0,N.d,Si,Si,Black,IPS,6.4,Vodafone,5000.0,155.95,75.84,9.63,197.0,1,50.99000000000001,1,20.0,2
2020-08-13 16:37:50.047540,2020-08-13,2,Unieuro,Android,Samsung,Galaxy SM-A315G/DS,249.9,299.9,4,64.0,Dual SIM,Si,N.d,Blue,SAMOLED,6.4,No,5000.0,159.3,73.1,8.6,185.0,2,49.99999999999997,1,17.0,2
2020-08-13 16:38:29.751606,2020-08-13,2,Unieuro,Android,Wiko,View3 Lite,109.0,129.99,2,32.0,Dual SIM,Si,Si,"Black, Blue",IPS,6.09,TIM,4000.0,155.5,73.0,8.7,160.1,1,20.99000000000001,1,16.0,2
2020-08-13 16:39:10.606912,2020-08-13,2,Unieuro,Android,Samsung,Galaxy A10,139.0,159.9,2,32.0,Dual SIM,Si,Si,Black,TFT,6.2,No,3400.0,155.6,75.6,7.9,168.0,1,20.900000000000006,1,13.0,2
2020-08-13 16:39:59.131392,2020-08-13,2,Unieuro,Android,Huawei,Y6s,139.0,149.9,3,32.0,Dual SIM,Si,No,Blue,IPS,6.09,No,3020.0,156.28,73.5,8.0,150.0,1,10.900000000000006,1,7.000000000000001,1
2020-08-13 16:40:36.762125,2020-08-13,2,Unieuro,Android,Wiko,View4 Lite,119.9,129.99,2,32.0,Dual SIM,Si,Si,Gold,IPS,6.52,No,4000.0,167.0,76.8,8.45,174.0,1,10.090000000000003,1,8.0,1
2020-08-13 16:41:15.703428,2020-08-13,2,Unieuro,Android,Samsung,Galaxy S10+ SM-G975F/DS,679.0,879.0,8,128.0,Dual SIM ibrida,Si,Si,White,Dynamic AMOLED,6.4,No,4100.0,157.6,74.1,7.8,175.0,6,200.0,1,23.0,3
2020-08-13 16:42:35.671982,2020-08-13,2,Unieuro,Android,Samsung,Galaxy S10+ SM-G975F/DS,679.0,879.0,8,128.0,Dual SIM ibrida,Si,Si,Green,Dynamic AMOLED,6.4,No,4100.0,157.6,74.1,7.8,175.0,6,200.0,1,23.0,3
2020-08-13 16:43:52.718029,2020-08-13,2,Unieuro,Android,realme,C3,139.0,159.99,3,64.0,Dual SIM,Si,N.d,Blue,LCD,6.5,No,5000.0,164.4,75.0,8.95,195.0,1,20.99000000000001,1,13.0,2
2020-08-13 16:44:24.340315,2020-08-13,2,Unieuro,Android,realme,6i,179.0,199.99,4,128.0,Dual SIM,Si,N.d,Green,LCD,6.5,No,5000.0,164.4,75.4,9.0,199.0,1,20.99000000000001,1,10.0,1
2020-08-13 16:44:56.410514,2020-08-13,2,Unieuro,Android,Huawei,P40 Pro,1049.9,1049.9,8,256.0,Dual SIM ibrida,Si,N.d,Black,OLED,6.58,No,4200.0,158.2,72.6,8.95,209.0,9,0.0,0,0.0,1
2020-08-13 16:45:33.459252,2020-08-13,2,Unieuro,Android,Huawei,Y5 2019,109.0,139.9,2,16.0,Dual SIM,Si,Si,Brown,IPS,5.71,No,3020.0,147.13,70.78,8.45,146.0,1,30.900000000000006,1,22.0,3
2020-08-13 16:46:02.316806,2020-08-13,2,Unieuro,Android,Oppo,Reno,249.0,299.0,6,256.0,Dual SIM,Si,Si,Black,AMOLED,6.4,No,3765.0,156.6,74.3,9.0,185.0,2,50.0,1,17.0,2
2020-08-13 16:46:36.779055,2020-08-13,2,Unieuro,Android,Oppo,Find X2 Lite,449.0,499.0,8,128.0,Dual SIM,Si,N.d,Black,AMOLED,6.4,No,4025.0,160.3,74.3,7.96,180.0,4,50.0,1,10.0,1
2020-08-13 16:47:05.136139,2020-08-13,2,Unieuro,Android,Samsung,Galaxy SM-G988B/DS,1299.0,1379.0,12,128.0,Dual SIM ibrida,Si,N.d,White,Dynamic AMOLED,6.9,No,5000.0,166.9,76.0,8.8,220.0,9,80.0,1,6.0,1
2020-08-13 16:47:50.160954,2020-08-13,2,Unieuro,Android,Samsung,Galaxy Fold,1949.0,1999.0,12,512.0,Dual SIM,Si,Si,Black,Dynamic AMOLED,7.3,No,4380.0,160.9,117.9,7.5,263.0,9,50.0,1,3.0,1
2020-08-13 16:49:10.194096,2020-08-13,2,Unieuro,Android,Oppo,A72,234.0,279.0,4,128.0,Dual SIM,Si,N.d,Black,TFT,6.5,No,5000.0,162.0,75.5,8.9,,2,45.0,1,16.0,2
2020-08-13 16:49:40.439699,2020-08-13,2,Unieuro,Android,LG,Velvet,549.9,649.9,6,128.0,N.d,Si,N.d,White,OLED,6.8,No,4300.0,167.2,74.1,7.9,180.0,5,100.0,1,15.0,2
2020-08-13 16:50:24.946317,2020-08-13,2,Unieuro,Android,LG,Velvet,549.9,649.9,6,128.0,N.d,Si,N.d,Green,OLED,6.8,No,4300.0,167.2,74.1,7.9,180.0,5,100.0,1,15.0,2
2020-08-13 16:51:04.916168,2020-08-13,2,Unieuro,Android,Huawei,P40,699.9,799.9,8,128.0,Dual SIM ibrida,Si,N.d,Black,OLED,6.1,No,3800.0,148.9,71.06,8.5,175.0,6,100.0,1,13.0,2
2020-08-13 16:51:43.987115,2020-08-13,2,Unieuro,Android,Oppo,A72,249.0,279.0,4,128.0,Dual SIM,Si,N.d,Purple,TFT,6.5,No,5000.0,162.0,75.5,8.9,,2,30.0,1,11.0,2
2020-08-13 16:52:12.225923,2020-08-13,2,Unieuro,Android,Huawei,P40,699.0,799.9,8,128.0,Dual SIM ibrida,Si,N.d,Gold,OLED,6.1,No,3800.0,148.9,71.06,8.5,175.0,6,100.89999999999998,1,13.0,2
2020-08-13 16:52:48.499939,2020-08-13,2,Unieuro,Android,Motorola,EDGE Plus smartphone 17,1099.0,1199.99,12,256.0,Mono SIM,Si,N.d,Grey,OLED,6.7,No,5000.0,161.07,71.38,9.6,203.0,9,100.99000000000001,1,8.0,1
2020-08-13 16:53:23.011954,2020-08-13,2,Unieuro,Android,realme,6,279.0,299.99,8,128.0,Dual SIM,Si,N.d,White,LCD,6.5,No,4300.0,162.1,74.8,9.6,191.0,2,20.99000000000001,1,7.000000000000001,1
2020-08-13 16:53:57.400476,2020-08-13,2,Unieuro,Android,LG,K41S LMK410EMW,149.0,159.9,3,32.0,Dual SIM,Si,N.d,Black,IPS,6.55,No,4000.0,165.7,76.4,8.2,189.0,1,10.900000000000006,1,7.000000000000001,1
2020-08-13 16:54:36.722732,2020-08-13,2,Unieuro,Android,Motorola,Moto G Moto G8 Plus 16,199.0,269.99,4,64.0,Dual SIM ibrida,Si,Si,Blue,LTPS,6.3,No,4000.0,158.35,75.83,9.09,188.0,1,70.99000000000001,1,26.0,3
2020-08-13 16:55:16.328294,2020-08-13,2,Unieuro,Android,Samsung,Galaxy S10+ SM-G975F/DS,679.0,879.0,8,128.0,Dual SIM ibrida,Si,N.d,White,Dynamic AMOLED,6.4,No,4100.0,157.6,74.1,7.8,175.0,6,200.0,1,23.0,3
2020-08-13 16:56:12.022903,2020-08-13,2,Unieuro,Android,Samsung,Galaxy S10+ SM-G975F/DS,679.0,879.0,8,128.0,Dual SIM ibrida,Si,N.d,Black,Dynamic AMOLED,6.4,No,4100.0,157.6,74.1,7.8,175.0,6,200.0,1,23.0,3
2020-08-13 16:57:03.812108,2020-08-13,2,Unieuro,Android,Huawei,P40 Pro,909.0,1049.9,8,256.0,Dual SIM ibrida,Si,N.d,Gold,OLED,6.58,No,4200.0,158.2,72.6,8.95,209.0,9,140.9000000000001,1,13.0,2
2020-08-13 16:57:38.547564,2020-08-13,2,Unieuro,Android,Huawei,P40,699.0,799.9,8,128.0,Dual SIM ibrida,Si,N.d,Silver,OLED,6.1,No,3800.0,148.9,71.06,8.5,175.0,6,100.89999999999998,1,13.0,2
2020-08-13 16:58:15.931829,2020-08-13,2,Unieuro,Android,Huawei,Y5 2019,109.0,139.9,2,16.0,Dual SIM,Si,Si,Blue,IPS,5.71,No,3020.0,147.13,70.78,8.45,146.0,1,30.900000000000006,1,22.0,3
2020-08-13 16:58:44.266505,2020-08-13,2,Unieuro,Android,realme,C3,137.0,159.99,3,64.0,Dual SIM,Si,N.d,Red,LCD,6.5,No,5000.0,164.4,75.0,8.95,195.0,1,22.99000000000001,1,14.000000000000002,2
2020-08-13 16:59:10.033291,2020-08-13,2,Unieuro,Android,Meizu,M6T Doppia Sim Nero,99.99,189.99,3,32.0,Dual SIM,Si,N.d,Black,LTPS,5.7,No,3300.0,152.3,73.0,8.4,145.0,1,90.00000000000001,1,47.0,5
2020-08-13 16:59:47.921668,2020-08-13,2,Unieuro,Android,LG,K50 K50S,149.0,199.9,3,32.0,Dual SIM,Si,Si,Blue,IPS,6.5,No,4000.0,165.8,77.5,8.2,173.0,1,50.900000000000006,1,25.0,3
2020-08-13 17:00:39.834290,2020-08-13,2,Unieuro,Android,LG,K50 K50S,149.0,199.9,3,32.0,Dual SIM,Si,Si,Black,IPS,6.5,No,4000.0,165.8,77.5,8.2,194.0,1,50.900000000000006,1,25.0,3
2020-08-13 17:01:25.456097,2020-08-13,2,Unieuro,Android,Nokia,5 SIM singola 4G 16GB Nero,99.0,129.9,2,16.0,Mono SIM,Si,N.d,Black,IPS,5.2,TIM,3000.0,149.7,72.5,8.05,160.0,1,30.900000000000006,1,24.0,3
2020-08-13 17:01:47.930174,2020-08-13,2,Unieuro,Android,Xiaomi,Redmi Note 8T 16,179.9,229.9,4,64.0,Dual SIM,Si,N.d,Blue,IPS,6.3,Vodafone,4000.0,161.15,75.4,8.6,199.8,1,50.0,1,22.0,3
2020-08-13 17:02:18.542052,2020-08-13,2,Unieuro,Android,Huawei,Y6 2019,129.0,159.9,2,32.0,N.d,Si,Si,Blue,IPS,6.09,TIM,3020.0,156.28,73.5,8.0,150.0,1,30.900000000000006,1,19.0,2
2020-08-13 17:02:58.061721,2020-08-13,2,Unieuro,Android,Wiko,View3 Lite,109.0,129.99,2,32.0,Dual SIM,Si,Si,"Black, Blue",IPS,6.09,TIM,4000.0,155.5,73.0,8.7,160.1,1,20.99000000000001,1,16.0,2
2020-08-13 17:03:36.971621,2020-08-13,2,Unieuro,Android,Huawei,Mate Xs 5G,2184.0,2599.9,8,512.0,Dual SIM,Si,Si,Blue,OLED,6.6,No,4500.0,161.3,146.2,11.0,300.0,9,415.9000000000001,1,16.0,2
2020-08-13 17:04:14.927289,2020-08-13,2,Unieuro,Android,Oppo,Find X2 Lite,449.0,499.0,8,128.0,Dual SIM,Si,N.d,White,AMOLED,6.4,No,4025.0,160.3,74.3,7.96,180.0,4,50.0,1,10.0,1
2020-08-13 17:04:48.954222,2020-08-13,2,Unieuro,Android,Samsung,Galaxy S10+ SM-G975F/DS,759.0,1279.0,8,512.0,Dual SIM ibrida,Si,Si,White,Dynamic AMOLED,6.4,No,4100.0,157.6,74.1,7.8,198.0,7,520.0,1,41.0,5
2020-08-13 17:06:04.470014,2020-08-13,2,Unieuro,Android,Samsung,Galaxy A51,268.9,379.9,4,128.0,Dual SIM,N.d,N.d,N.d,SAMOLED,6.5,No,,,,,,2,111.0,1,28.999999999999996,3
2020-08-13 17:06:35.442492,2020-08-13,2,Unieuro,Android,Meizu,Note 8,139.0,179.99,4,64.0,Dual SIM,Si,N.d,Black,N.d,5.99,No,3600.0,153.6,75.5,7.9,168.0,1,40.99000000000001,1,23.0,3
2020-08-13 17:07:04.348715,2020-08-13,2,Unieuro,Android,Huawei,Y5 2019,119.0,139.9,2,16.0,Dual SIM,Si,Si,Brown,IPS,5.71,No,3020.0,147.13,70.78,8.45,146.0,1,20.900000000000006,1,15.0,2
2020-08-13 17:07:33.291377,2020-08-13,2,Unieuro,Android,Samsung,Galaxy,929.0,979.9,8,256.0,N.d,Si,N.d,Green,Super AMOLED Plus,6.7,No,4300.0,161.6,75.2,8.3,192.0,9,50.89999999999998,1,5.0,1
2020-08-13 17:08:38.845034,2020-08-13,2,Unieuro,Android,Samsung,Galaxy,929.0,979.9,8,256.0,N.d,Si,N.d,Bronze,Super AMOLED Plus,6.7,No,4300.0,161.6,75.2,8.3,192.0,9,50.89999999999998,1,5.0,1
2020-08-13 17:09:39.524002,2020-08-13,2,Unieuro,Android,Samsung,Galaxy,929.0,979.9,8,256.0,N.d,Si,N.d,Grey,Super AMOLED Plus,6.7,No,4300.0,161.6,75.2,8.3,192.0,9,50.89999999999998,1,5.0,1
2020-08-13 17:10:43.022112,2020-08-13,2,Unieuro,Android,Samsung,Galaxy Note20,1029.0,1079.9,8,256.0,N.d,Si,N.d,Grey,Super AMOLED Plus,6.7,No,4300.0,161.6,75.2,8.3,192.0,9,50.90000000000009,1,5.0,1
2020-08-13 17:11:42.530672,2020-08-13,2,Unieuro,Android,Samsung,Galaxy Note20 Ultra,1279.0,1329.9,12,256.0,N.d,Si,N.d,Bronze,Dynamic AMOLED,6.9,No,4500.0,164.8,77.2,8.1,208.0,9,50.90000000000009,1,4.0,1
2020-08-13 17:12:43.642397,2020-08-13,2,Unieuro,Android,Samsung,Galaxy Note20 Ultra,1279.0,1329.9,12,256.0,N.d,Si,N.d,Black,Dynamic AMOLED,6.9,No,4500.0,164.8,77.2,8.1,208.0,9,50.90000000000009,1,4.0,1
2020-08-13 17:13:46.882993,2020-08-13,2,Unieuro,Android,Huawei,P30 lite,369.99,369.99,4,128.0,Dual SIM ibrida,Si,Si,Black,IPS,6.15,No,3340.0,152.9,72.7,7.4,159.0,3,0.0,0,0.0,1
2020-08-13 17:14:29.058156,2020-08-13,2,Unieuro,Android,Huawei,P30 lite,299.9,299.9,4,128.0,N.d,Si,Si,Black,IPS,6.15,TIM,3340.0,152.9,72.7,7.4,159.0,2,0.0,0,0.0,1
2020-08-13 17:15:09.950517,2020-08-13,2,Unieuro,Android,Xiaomi,Redmi Note 9 Pro,259.0,299.9,6,128.0,Dual SIM,Si,N.d,White,IPS,6.67,No,5020.0,165.75,76.68,8.8,209.0,2,40.89999999999998,1,14.000000000000002,2
2020-08-13 17:15:52.167423,2020-08-13,2,Unieuro,Android,Xiaomi,Mi Note 10 Lite,319.0,399.0,6,128.0,Dual SIM,Si,N.d,Black,AMOLED,6.47,No,5260.0,157.8,74.2,9.67,204.0,3,80.0,1,20.0,2
2020-08-13 17:16:30.965554,2020-08-13,2,Unieuro,Android,BRONDI,Amico,66.99,89.99,0.5,44.0,Dual SIM,Si,Si,Black,TN,5,No,2000.0,151.0,69.0,10.75,,1,23.0,1,26.0,3
2020-08-13 17:16:56.021566,2020-08-13,2,Unieuro,Android,Xiaomi,Redmi Note 9 Pro,279.0,299.9,6,128.0,Dual SIM,Si,N.d,Green,N.d,6.67,No,5020.0,165.75,76.68,8.8,209.0,2,20.899999999999977,1,7.000000000000001,1
2020-08-13 17:17:24.994673,2020-08-13,2,Unieuro,Android,Xiaomi,Redmi Note 9 Pro,253.0,299.9,6,128.0,Dual SIM,Si,N.d,Grey,N.d,6.67,No,5020.0,165.75,76.68,8.8,209.0,2,46.89999999999998,1,16.0,2
2020-08-13 17:17:54.406916,2020-08-13,2,Unieuro,Android,Oppo,Reno2 Z,237.0,349.0,8,128.0,Dual SIM,Si,Si,Black,AMOLED,6.5,No,4000.0,161.8,75.8,9.35,195.0,2,112.0,1,32.0,4
2020-08-13 17:18:43.688319,2020-08-13,2,Unieuro,Android,Xiaomi,Mi Note 10 Lite,350.0,399.0,6,128.0,Dual SIM,Si,N.d,White,AMOLED,6.47,No,5260.0,157.8,74.2,9.67,204.0,3,49.0,1,12.0,2
2020-08-13 17:19:20.742343,2020-08-13,2,Unieuro,Android,Xiaomi,Mi 10 Lite,369.0,399.9,6,128.0,Dual SIM ibrida,Si,N.d,Grey,AMOLED,6.57,No,4160.0,163.71,74.77,7.98,192.0,3,30.899999999999977,1,8.0,1
2020-08-13 17:19:53.082172,2020-08-13,2,Unieuro,Android,Oppo,Reno2 Z,349.0,349.0,8,128.0,Dual SIM,Si,Si,White,AMOLED,6.5,No,4000.0,161.8,75.8,9.35,195.0,3,0.0,0,0.0,1
2020-08-13 17:20:44.661401,2020-08-13,2,Unieuro,Android,Wiko,Y80,89.99,99.99,2,16.0,Dual SIM,Si,Si,Blue,IPS,5.99,No,4000.0,160.0,76.5,8.55,185.0,1,10.0,1,10.0,1
2020-08-13 17:21:37.551737,2020-08-13,2,Unieuro,Android,Wiko,Y50,55.99,69.99,1,16.0,Dual SIM,Si,Si,Grey,TN,5,No,2200.0,146.0,73.5,8.7,160.0,1,13.999999999999993,1,20.0,2
2020-08-13 17:22:13.672819,2020-08-13,2,Unieuro,Android,Oppo,Find X2 Neo,601.0,699.0,12,256.0,Mono SIM,Si,N.d,Black,AMOLED,6.5,No,4025.0,159.4,72.4,7.7,171.0,6,98.0,1,14.000000000000002,2
2020-08-13 17:22:45.491062,2020-08-13,2,Unieuro,Android,Wiko,View4,129.0,159.99,3,64.0,Dual SIM,Si,Si,Blue,IPS,6.52,No,5000.0,165.7,75.8,8.85,180.0,1,30.99000000000001,1,19.0,2
2020-08-13 17:23:29.063575,2020-08-13,2,Unieuro,Android,Xiaomi,Mi 10 Lite,369.0,399.9,6,128.0,Dual SIM ibrida,Si,N.d,White,AMOLED,6.57,No,4160.0,163.71,74.77,7.98,192.0,3,30.899999999999977,1,8.0,1
2020-08-13 17:24:07.737668,2020-08-13,2,Unieuro,Android,Motorola,moto e6 plus,129.99,129.99,4,64.0,Dual SIM,Si,Si,Blue,IPS,6.1,No,3000.0,155.6,73.06,8.6,149.7,1,0.0,0,0.0,1
2020-08-13 17:24:41.642926,2020-08-13,2,Unieuro,Android,Wiko,Y50,55.99,69.99,1,16.0,Dual SIM,Si,Si,Blue,TN,5,No,2200.0,146.0,73.5,8.7,160.0,1,13.999999999999993,1,20.0,2
2020-08-13 17:25:09.854400,2020-08-13,2,Unieuro,Android,LG,K40 K40S,119.9,119.9,2,32.0,Dual SIM,Si,Si,Black,IPS,6.1,No,3500.0,156.3,73.9,8.6,173.0,1,0.0,0,0.0,1
2020-08-13 17:26:05.684495,2020-08-13,2,Unieuro,Android,Wiko,Y80,99.99,99.99,2,16.0,Dual SIM,Si,Si,"Anthracite, Blue",IPS,5.99,No,4000.0,160.0,76.5,8.55,185.0,1,0.0,0,0.0,1
2020-08-13 17:26:59.223078,2020-08-13,2,Unieuro,Android,Samsung,Galaxy A20e,149.0,189.99,3,32.0,Dual SIM,Si,Si,Black,PLS,5.8,No,3000.0,147.4,69.7,8.4,141.0,1,40.99000000000001,1,22.0,3
2020-08-13 17:27:45.664099,2020-08-13,2,Unieuro,Android,Xiaomi,Mi 10 Lite,369.0,399.9,6,128.0,Dual SIM ibrida,Si,N.d,Blue,AMOLED,6.57,No,4160.0,163.71,74.77,7.98,192.0,3,30.899999999999977,1,8.0,1
2020-08-13 17:28:18.828501,2020-08-13,2,Unieuro,Android,Xiaomi,Mi 10,749.0,899.0,8,256.0,Mono SIM,Si,N.d,Grey,AMOLED,6.67,No,4780.0,162.5,74.8,8.96,208.0,7,150.0,1,17.0,2
2020-08-13 17:28:56.118940,2020-08-13,2,Unieuro,Android,Wiko,Y80,89.0,99.99,2,16.0,Dual SIM,Si,Si,Gold,IPS,5.99,No,4000.0,160.0,76.5,8.55,185.0,1,10.989999999999995,1,11.0,2
2020-08-13 17:29:39.014944,2020-08-13,2,Unieuro,Android,realme,X50 5G,369.99,369.99,6,128.0,Dual SIM,Si,N.d,Green,IPS,6.57,No,4200.0,163.8,75.8,8.9,202.0,3,0.0,0,0.0,1
2020-08-13 17:30:10.929079,2020-08-13,2,Unieuro,Android,Wiko,Y60,78.99,79.99,1,16.0,Dual SIM,Si,Si,Blue,N.d,5.45,No,2500.0,9.3,71.8,146.8,177.7,1,1.0,1,1.0,1
2020-08-13 17:30:41.500015,2020-08-13,2,Unieuro,Android,Meizu,M8,119.0,119.0,4,64.0,Dual SIM,Si,Si,Black,N.d,5.7,No,3100.0,147.5,72.7,8.1,159.0,1,0.0,0,0.0,1
2020-08-13 17:31:10.456135,2020-08-13,2,Unieuro,Android,Motorola,moto e6 plus,119.99,119.99,2,32.0,Dual SIM,Si,Si,Graphite,IPS,6.1,No,3000.0,155.6,73.06,8.6,149.7,1,0.0,0,0.0,1
2020-08-13 17:31:44.978479,2020-08-13,2,Unieuro,Android,LG,K40 K40S,119.9,119.9,2,32.0,Dual SIM,Si,Si,Blue,IPS,6.1,No,3500.0,156.3,73.9,8.6,173.0,1,0.0,0,0.0,1
2020-08-13 17:32:28.016026,2020-08-13,2,Unieuro,Android,Huawei,P20 Lite,199.9,199.9,4,64.0,Dual SIM,Si,Si,Black,TFT-LCD,5.84,No,3000.0,148.6,71.2,7.4,145.0,1,0.0,0,0.0,1
2020-08-13 17:33:22.578786,2020-08-13,2,Unieuro,Android,Huawei,P smart+ 2019,179.0,199.9,3,64.0,Dual SIM ibrida,Si,Si,Black,IPS,6.21,No,3400.0,155.2,73.4,7.95,160.0,1,20.900000000000006,1,10.0,1
2020-08-13 17:33:59.510294,2020-08-13,2,Unieuro,Android,Motorola,moto e6 plus,129.99,129.99,4,64.0,Dual SIM,Si,Si,Graphite,IPS,6.1,No,3000.0,155.6,73.06,8.6,149.7,1,0.0,0,0.0,1
2020-08-13 17:34:28.863105,2020-08-13,2,Unieuro,Android,Wiko,Y60,79.99,79.99,1,16.0,Dual SIM,Si,Si,Blue,N.d,5.45,No,2500.0,146.8,71.8,9.3,177.7,1,0.0,0,0.0,1
2020-08-13 17:35:04.956694,2020-08-13,2,Unieuro,Android,Xiaomi,Redmi 9,169.9,169.9,4,64.0,Dual SIM,Si,N.d,Grey,IPS,6.53,No,5020.0,163.32,77.01,9.1,198.0,1,0.0,0,0.0,1
2020-08-13 17:35:39.713828,2020-08-13,2,Unieuro,Android,Huawei,P Smart 2019,179.9,179.9,3,64.0,N.d,Si,Si,Black,TFT-LCD,6.21,No,3400.0,155.2,73.4,7.95,160.0,1,0.0,0,0.0,1
2020-08-13 17:36:14.752763,2020-08-13,2,Unieuro,Android,Xiaomi,Mi 10,899.0,899.0,8,256.0,Dual SIM,Si,N.d,Green,AMOLED,6.67,No,4780.0,162.5,74.8,8.96,208.0,8,0.0,0,0.0,1
2020-08-13 17:36:50.761659,2020-08-13,2,Unieuro,Android,realme,X50 Pro 5G,739.0,749.99,12,256.0,Dual SIM,Si,N.d,Green,SAMOLED,6.44,No,4200.0,158.96,74.24,9.37,207.0,7,10.990000000000009,1,1.0,1
2020-08-13 17:37:23.219357,2020-08-13,2,Unieuro,Android,Motorola,moto e6 plus,115.0,119.99,2,32.0,Dual SIM,Si,Si,Cherry,IPS,6.1,No,3000.0,155.6,73.06,8.6,149.7,1,4.989999999999995,1,4.0,1
2020-08-13 17:37:54.595142,2020-08-13,2,Unieuro,Android,Wiko,Y60,79.49,79.49,1,16.0,Dual SIM,Si,Si,Gold,N.d,5.45,No,2500.0,9.3,71.8,146.8,177.7,1,0.0,0,0.0,1
2020-08-13 17:38:29.351627,2020-08-13,2,Unieuro,Android,Wiko,Y61,89.99,89.99,2,32.0,Dual SIM,Si,N.d,Green,IPS,5.99,No,3000.0,161.3,78.14,9.0,190.0,1,0.0,0,0.0,1
2020-08-13 17:39:02.631737,2020-08-13,2,Unieuro,Android,Motorola,Razr,1599.9,1599.9,6,128.0,Mono SIM,Si,Si,Black,P-OLED,6.2,No,2510.0,172.0,72.0,6.9,205.0,9,0.0,0,0.0,1
2020-08-13 17:39:35.410207,2020-08-13,2,Unieuro,Android,realme,X50 Pro 5G,700.0,749.99,12,256.0,Dual SIM,Si,N.d,Red,SAMOLED,6.44,No,4200.0,158.96,74.24,9.37,207.0,6,49.99000000000001,1,7.000000000000001,1
2020-08-13 17:40:06.709989,2020-08-13,2,Unieuro,Android,Huawei,P smart,149.0,149.0,3,32.0,Dual SIM ibrida,Si,Si,Black,IPS,5.65,No,3000.0,150.1,72.05,7.45,143.0,1,0.0,0,0.0,1
2020-08-13 17:40:42.943168,2020-08-13,2,Unieuro,Android,Wiko,Y61,89.99,89.99,1,16.0,Dual SIM,Si,N.d,Grey,IPS,5.99,No,3000.0,161.3,78.14,9.0,190.0,1,0.0,0,0.0,1
2020-08-13 17:41:17.360481,2020-08-13,2,Unieuro,Android,Huawei,P30 Pro New Edition,849.0,849.0,8,256.0,Dual SIM,Si,N.d,Silver,OLED,6.47,No,4200.0,158.0,73.4,8.41,192.0,8,0.0,0,0.0,1
2020-08-13 17:42:01.661410,2020-08-13,2,Unieuro,Android,Motorola,Moto G 8,199.99,199.99,4,64.0,Dual SIM,Si,N.d,White,IPS,6.4,No,4000.0,161.27,75.8,8.95,188.3,1,0.0,0,0.0,1
2020-08-13 17:42:28.772867,2020-08-13,2,Unieuro,Android,realme,X3 SuperZoom,499.99,499.99,12,256.0,Dual SIM,Si,N.d,Blue,LED,6.6,No,4200.0,202.0,8.9,163.8,75.8,4,0.0,0,0.0,1
2020-08-13 17:42:58.797797,2020-08-13,2,Unieuro,Android,Samsung,Galaxy A51,319.9,319.9,4,128.0,N.d,Si,N.d,Black,SAMOLED,6.5,Vodafone,4000.0,158.5,73.6,7.9,172.0,3,0.0,0,0.0,1
2020-08-13 17:43:32.821719,2020-08-13,2,Unieuro,Android,Samsung,Galaxy A20e,147.0,169.9,3,32.0,N.d,Si,Si,Black,PLS,5.8,TIM,3000.0,147.4,69.7,8.4,141.0,1,22.900000000000006,1,13.0,2
2020-08-13 17:44:20.298757,2020-08-13,2,Unieuro,Android,Wiko,View4,145.0,159.99,3,64.0,Dual SIM,Si,Si,Green,IPS,6.52,No,5000.0,165.7,75.8,8.85,180.0,1,14.990000000000009,1,9.0,1
2020-08-13 17:44:56.607003,2020-08-13,2,Unieuro,Android,Samsung,Galaxy S10,599.0,599.0,6,128.0,Dual SIM,Si,Si,Black,Dynamic AMOLED,6.1,No,3400.0,149.9,70.4,7.8,157.0,5,0.0,0,0.0,1
2020-08-13 17:45:50.109475,2020-08-13,2,Unieuro,Android,LG,K20,89.9,89.9,1,16.0,Dual SIM ibrida,Si,Si,Blue,TFT,5.45,No,3000.0,148.6,71.9,8.3,153.0,1,0.0,0,0.0,1
2020-08-13 17:46:32.174131,2020-08-13,2,Unieuro,Android,Huawei,Y6 2019,149.9,149.9,2,32.0,N.d,Si,Si,Blue,IPS,6.09,No,3020.0,156.28,73.5,8.0,150.0,1,0.0,0,0.0,1
2020-08-13 17:47:06.555227,2020-08-13,2,Unieuro,Android,Xiaomi,Redmi 9A,119.9,119.9,2,32.0,Dual SIM,Si,N.d,Grey,IPS,6.53,No,5000.0,164.9,77.07,9.0,,1,0.0,0,0.0,1
2020-08-13 17:47:31.207935,2020-08-13,2,Unieuro,Android,Huawei,P30 Pro New Edition,849.9,849.9,9,256.0,N.d,Si,N.d,Black,OLED,6.47,No,4200.0,158.0,73.4,8.41,192.0,8,0.0,0,0.0,1
2020-08-13 17:48:03.097316,2020-08-13,2,Unieuro,Android,Samsung,Galaxy A20e,147.0,169.9,3,32.0,Dual SIM,Si,Si,Blue,PLS,5.8,TIM,3000.0,147.4,69.7,8.4,141.0,1,22.900000000000006,1,13.0,2
2020-08-13 17:48:41.172384,2020-08-13,2,Unieuro,Android,Huawei,nova 5T,299.0,339.9,6,128.0,Dual SIM,Si,Si,Blue,IPS,6.26,No,3750.0,154.25,73.97,7.87,174.0,2,40.89999999999998,1,12.0,2
2020-08-13 17:49:22.265102,2020-08-13,2,Unieuro,Android,Nokia,2.2,109.99,109.99,2,16.0,N.d,Si,Si,Grey,TFT,5.71,No,3000.0,145.96,70.56,9.3,153.0,1,0.0,0,0.0,1
2020-08-13 17:49:53.181814,2020-08-13,2,Unieuro,Android,Huawei,P smart⁺ 16,179.0,179.0,4,64.0,Dual SIM,Si,Si,Black,IPS,6.3,No,3340.0,157.6,75.2,7.6,169.0,1,0.0,0,0.0,1
2020-08-13 17:50:32.902747,2020-08-13,2,Unieuro,Android,Huawei,P30 Pro,999.9,999.9,8,128.0,Dual SIM ibrida,Si,Si,Black,OLED,6.47,No,4200.0,158.0,73.4,8.41,192.0,9,0.0,0,0.0,1
2020-08-13 17:51:12.904076,2020-08-13,2,Unieuro,Android,Huawei,P30,599.0,599.0,6,128.0,Dual SIM ibrida,Si,Si,Black,OLED,6.1,No,3650.0,149.1,71.36,7.57,165.0,5,0.0,0,0.0,1
2020-08-13 17:51:52.182949,2020-08-13,2,Unieuro,Android,Motorola,Moto G 8,199.99,199.99,4,64.0,Dual SIM,Si,N.d,White,IPS,6.4,No,4000.0,161.27,75.8,8.95,188.3,1,0.0,0,0.0,1
2020-08-13 17:52:22.258149,2020-08-13,2,Unieuro,Android,Honor,9 Lite,199.9,199.9,4,64.0,Dual SIM ibrida,Si,Si,Black,IPS,5.65,No,3000.0,151.0,71.9,7.6,149.0,1,0.0,0,0.0,1
2020-08-13 17:52:47.341404,2020-08-13,2,Unieuro,Android,Samsung,Galaxy A70,349.9,349.9,6,128.0,Dual SIM,Si,Si,Blue,SAMOLED,6.7,No,4500.0,164.3,76.7,7.9,183.0,3,0.0,0,0.0,1
2020-08-13 17:53:44.721713,2020-08-13,2,Unieuro,Android,ASUS,ROG Phone II ZS660KL-1A012EU,899.0,899.0,12,512.0,Dual SIM,Si,Si,Black,AMOLED,6.59,No,6000.0,170.99,77.6,9.48,240.0,8,0.0,0,0.0,1
2020-08-13 17:54:29.633913,2020-08-13,2,Unieuro,Android,Samsung,Galaxy SM-A307F,279.9,279.9,4,64.0,Dual SIM,Si,N.d,White,SAMOLED,6.4,No,4000.0,158.5,74.7,7.8,169.0,2,0.0,0,0.0,1
2020-08-13 17:55:13.961735,2020-08-13,2,Unieuro,Android,Huawei,P Smart 2019,179.9,179.9,3,64.0,Dual SIM ibrida,Si,Si,N.d,IPS,6.21,No,3400.0,155.2,73.4,7.95,160.0,1,0.0,0,0.0,1
2020-08-13 17:55:53.656578,2020-08-13,2,Unieuro,Android,LG,K40,119.9,119.9,2,32.0,Dual SIM,Si,Si,Blue,IPS,5.7,No,3000.0,153.0,71.9,8.3,144.0,1,0.0,0,0.0,1
2020-08-13 17:56:40.727402,2020-08-13,2,Unieuro,Android,Huawei,Y6 2019,149.9,149.9,2,32.0,Dual SIM,Si,Si,Black,IPS,6.09,No,3020.0,156.28,73.5,8.0,150.0,1,0.0,0,0.0,1
2020-08-13 17:57:15.192252,2020-08-13,2,Unieuro,Android,Xiaomi,Redmi 9A,119.9,119.9,2,32.0,Dual SIM,Si,N.d,Blue,IPS,6.53,No,5000.0,164.9,77.07,9.0,,1,0.0,0,0.0,1
2020-08-13 17:57:46.553120,2020-08-13,2,Unieuro,Android,Xiaomi,Redmi 9,169.9,169.9,4,64.0,Dual SIM,Si,N.d,Purple,IPS,6.53,No,5020.0,163.32,77.01,9.1,198.0,1,0.0,0,0.0,1
2020-08-13 17:58:17.493618,2020-08-13,2,Unieuro,Android,Nokia,5 SIM singola 4G 16GB Argento,129.9,129.9,2,16.0,Mono SIM,Si,N.d,Silver,IPS,5.2,TIM,3000.0,149.7,72.5,8.05,160.0,1,0.0,0,0.0,1
2020-08-13 17:58:43.493915,2020-08-13,2,Unieuro,iOS,APPLE,iPhone 11,899.99,899.99,,128.0,Dual SIM,Si,N.d,White,LCD,6.1,Vodafone,,150.9,75.7,8.3,194.0,8,0.0,0,0.0,1
2020-08-13 17:59:15.534123,2020-08-13,2,Unieuro,Android,Samsung,Galaxy A30s,189.9,259.9,4,128.0,Dual SIM,Si,N.d,Black,SAMOLED,6.4,No,4000.0,158.5,74.7,7.8,169.0,1,69.99999999999997,1,27.0,3
2020-08-13 17:59:50.617834,2020-08-13,2,Unieuro,Android,Xiaomi,Redmi Note 8T 16,179.9,229.9,4,64.0,Dual SIM,Si,Si,Grey,IPS,6.3,No,4000.0,161.15,75.4,8.6,199.8,1,50.0,1,22.0,3
2020-08-13 18:00:33.496687,2020-08-13,2,Unieuro,Android,Samsung,Galaxy A20e,139.9,169.9,3,32.0,Dual SIM,Si,Si,"Coral, Orange",PLS,5.8,No,3000.0,147.4,69.7,8.4,141.0,1,30.0,1,18.0,2
2020-08-13 18:01:24.104657,2020-08-13,2,Unieuro,Android,Xiaomi,Redmi Note 8T 16,179.9,229.9,4,64.0,Dual SIM,Si,Si,White,IPS,6.3,No,4000.0,161.15,75.4,8.6,199.8,1,50.0,1,22.0,3
2020-08-13 18:02:08.414222,2020-08-13,2,Unieuro,Android,Samsung,Galaxy,595.0,929.0,8,128.0,Dual SIM,Si,Si,Blue,Dynamic AMOLED,6.2,No,4000.0,151.7,69.1,7.9,163.0,5,334.0,1,36.0,4
2020-08-13 18:03:22.388194,2020-08-13,2,Unieuro,Android,ASUS,ZenFone Max Pro M1,159.0,199.99,4,64.0,Dual SIM,Si,Si,Black,IPS,6,No,5000.0,159.0,76.0,8.45,180.0,1,40.99000000000001,1,20.0,2
2020-08-13 18:04:00.162648,2020-08-13,2,Unieuro,Android,Xiaomi,Redmi Note 7 16,139.0,179.9,4,64.0,Dual SIM ibrida,Si,Si,Blue,IPS,6.3,No,4000.0,159.21,75.21,8.1,186.0,1,40.900000000000006,1,23.0,3
2020-08-13 18:04:40.682894,2020-08-13,2,Unieuro,Android,Samsung,Galaxy A40,199.0,259.9,4,64.0,Dual SIM,Si,Si,Black,SAMOLED,5.9,No,3100.0,144.4,69.2,7.9,140.0,1,60.89999999999998,1,23.0,3
2020-08-13 18:05:34.904021,2020-08-13,2,Unieuro,Android,Honor,10 Lite,129.0,179.9,3,64.0,Dual SIM,Si,Si,Black,LTPS,6.21,No,3400.0,154.8,73.64,7.95,162.0,1,50.900000000000006,1,28.000000000000004,3
2020-08-13 18:06:12.003759,2020-08-13,2,Unieuro,Android,Honor,VIEW 10 Lite 16.5,149.0,259.0,4,128.0,N.d,N.d,N.d,Blue,N.d,6.5,No,3750.0,160.4,76.6,7.8,175.0,1,110.0,1,42.0,5
2020-08-13 18:06:37.439510,2020-08-13,2,Unieuro,Android,Wiko,VIEW Prime,119.0,159.99,4,64.0,Dual SIM,Si,Si,Green,IPS,5.7,No,3000.0,152.3,72.8,8.3,162.0,1,40.99000000000001,1,26.0,3
2020-08-13 18:07:32.219114,2020-08-13,2,Unieuro,Android,Oppo,RX17 Neo Astral Blue,149.0,189.0,4,128.0,N.d,Si,N.d,Blue,AMOLED,6.41,No,3600.0,158.3,75.5,7.4,156.0,1,40.0,1,21.0,3
2020-08-13 18:08:03.596866,2020-08-13,2,Unieuro,Android,Huawei,Y6 2019,129.0,159.9,2,32.0,N.d,Si,Si,Black,IPS,6.09,TIM,3020.0,156.28,73.5,8.0,150.0,1,30.900000000000006,1,19.0,2
2020-08-13 18:08:44.980996,2020-08-13,2,Unieuro,Android,Samsung,Galaxy A10,139.0,159.9,2,32.0,Dual SIM,Si,Si,Red,TFT,6.2,No,3400.0,155.6,75.6,7.9,168.0,1,20.900000000000006,1,13.0,2
2020-08-13 18:09:35.454166,2020-08-13,2,Unieuro,Android,Huawei,P40 Pro+,1399.9,1399.9,8,512.0,Dual SIM,Si,N.d,Black,OLED,6.58,No,4200.0,158.2,72.6,9.0,226.0,9,0.0,0,0.0,1
2020-08-13 18:10:04.925301,2020-08-13,2,Unieuro,Android,Samsung,Galaxy A10,139.0,159.9,2,32.0,Dual SIM,Si,Si,Blue,TFT,6.2,No,3400.0,155.6,75.6,7.9,168.0,1,20.900000000000006,1,13.0,2
2020-08-13 18:10:52.607387,2020-08-13,2,Unieuro,Android,Samsung,Galaxy A40,199.0,259.9,4,64.0,Dual SIM,Si,Si,White,SAMOLED,5.9,No,3100.0,144.4,69.2,7.9,140.0,1,60.89999999999998,1,23.0,3
2020-08-13 18:11:44.986489,2020-08-13,2,Unieuro,Android,Samsung,Galaxy S10 SM-G973F/DS,579.0,1179.0,8,512.0,Dual SIM ibrida,Si,Si,Black,Dynamic AMOLED,6.1,No,3400.0,149.9,70.4,7.8,157.0,5,600.0,1,51.0,6
2020-08-13 18:13:06.697423,2020-08-13,2,Unieuro,Android,LG,G8S ThinQ,399.0,769.9,6,128.0,Dual SIM ibrida,Si,Si,Black,OLED,6.21,No,3550.0,155.3,76.6,7.99,181.0,3,370.9,1,48.0,5
2020-08-13 18:14:01.572563,2020-08-13,2,Unieuro,Android,Huawei,P smart Z,189.9,279.9,4,64.0,Dual SIM ibrida,Si,Si,Blue,LTPS,6.59,No,4000.0,163.5,77.3,8.8,196.8,1,89.99999999999997,1,32.0,4
2020-08-13 18:14:34.062938,2020-08-13,2,Unieuro,Android,Wiko,WIM 14,109.0,149.99,4,64.0,Dual SIM,Si,Si,Blue,AMOLED,5.5,No,3200.0,156.2,75.3,7.9,160.0,1,40.99000000000001,1,27.0,3
2020-08-13 18:15:17.039048,2020-08-13,2,Unieuro,Android,Samsung,Galaxy A40,199.0,259.9,4,64.0,Dual SIM,Si,Si,Blue,SAMOLED,5.9,No,3100.0,144.4,69.2,7.9,140.0,1,60.89999999999998,1,23.0,3
2020-08-13 18:16:09.428097,2020-08-13,2,Unieuro,Android,ASUS,ZenFone Max Pro M1,139.0,179.99,3,32.0,Dual SIM,Si,Si,Black,IPS,6,No,5000.0,159.0,76.0,8.45,180.0,1,40.99000000000001,1,23.0,3
2020-08-13 18:16:43.192906,2020-08-13,2,Unieuro,Android,Wiko,View 3 Lite,109.0,129.99,2,32.0,Dual SIM,Si,Si,"Black, Blue",IPS,6.09,No,4000.0,155.5,73.0,8.7,160.1,1,20.99000000000001,1,16.0,2
2020-08-13 18:17:26.787907,2020-08-13,2,Unieuro,Android,Oppo,RX17 Pro Emerald Green,249.0,299.0,6,128.0,N.d,Si,Si,Green,AMOLED,6.4,No,3700.0,157.6,74.6,7.9,183.0,2,50.0,1,17.0,2
2020-08-13 18:18:06.304689,2020-08-13,2,Unieuro,Android,Motorola,Moto E Moto E6 play 14,99.9,119.99,2,32.0,Dual SIM,Si,Si,Blue,IPS,5.5,No,3000.0,146.5,70.9,8.3,140.0,1,20.08999999999999,1,17.0,2
2020-08-13 18:18:34.914595,2020-08-13,2,Unieuro,Android,ASUS,ZenFone 4 Selfie Pro ZD552KL-5A001WW smartphone 14,139.0,399.0,4,64.0,Dual SIM,Si,Si,Black,AMOLED,5.5,No,3000.0,154.02,74.83,6.85,147.0,1,260.0,1,65.0,6
2020-08-13 18:18:59.712654,2020-08-13,2,Unieuro,Android,ASUS,ZenFone 5 Doppia SIM 4G,199.0,399.0,4,64.0,Dual SIM,Si,Si,Midnight Blue,IPS,6.2,No,3300.0,7.7,153.0,75.65,165.0,1,200.0,1,50.0,5
2020-08-13 18:19:29.794379,2020-08-13,2,Unieuro,Android,Samsung,Galaxy Note9,499.0,999.0,6,128.0,Dual SIM ibrida,Si,Si,Lavender,SAMOLED,6.4,No,4000.0,161.9,76.4,8.8,201.0,4,500.0,1,50.0,5
2020-08-13 18:21:18.174897,2020-08-13,2,Unieuro,Android,ASUS,ZenFone 5 ZE620KL-1H010EU,199.99,399.0,4,64.0,Dual SIM,Si,Si,Silver,IPS,6.2,No,3300.0,7.7,153.0,75.65,165.0,1,199.01,1,50.0,5
2020-08-13 18:22:00.861153,2020-08-13,2,Unieuro,Android,Wiko,View 2 Plus,139.0,249.99,4,64.0,Dual SIM,N.d,Si,Gold,IPS,5.93,No,4000.0,153.4,73.2,8.6,166.0,1,110.99000000000001,1,44.0,5
2020-08-13 18:22:38.898663,2020-08-13,2,Unieuro,Android,Wiko,View 2 Plus,139.0,249.99,4,64.0,Dual SIM,N.d,Si,Anthracite,IPS,5.93,No,4000.0,153.4,73.2,8.6,166.0,1,110.99000000000001,1,44.0,5
2020-08-13 18:23:08.181869,2020-08-13,2,Unieuro,Android,LG,Q60,139.0,249.9,3,64.0,Dual SIM,Si,Si,Black,IPS,6.26,No,3500.0,161.3,77.0,8.7,172.0,1,110.9,1,44.0,5
2020-08-13 18:23:55.733205,2020-08-13,2,Unieuro,Android,Samsung,Galaxy A9 (2018) A9,169.0,299.9,6,128.0,Dual SIM,Si,Si,Black,SAMOLED,6.3,No,3800.0,162.5,77.0,7.8,183.0,1,130.89999999999998,1,44.0,5
2020-08-13 18:24:54.208703,2020-08-13,2,Unieuro,Android,Samsung,Galaxy S10e SM-G970F/DS,449.0,779.0,6,128.0,Dual SIM ibrida,Si,Si,Yellow,Dynamic AMOLED,5.8,No,3100.0,142.2,69.9,7.9,150.0,4,330.0,1,42.0,5
2020-08-13 18:26:13.325878,2020-08-13,2,Unieuro,Android,Samsung,Galaxy S10e SM-G970F/DS,449.0,779.0,6,128.0,Dual SIM ibrida,Si,Si,White,Dynamic AMOLED,5.8,No,3100.0,142.2,69.9,7.9,150.0,4,330.0,1,42.0,5
2020-08-13 18:27:24.717211,2020-08-13,2,Unieuro,Android,Samsung,Galaxy S10e SM-G970F/DS,449.0,779.0,6,128.0,Dual SIM ibrida,Si,Si,Green,Dynamic AMOLED,5.8,No,3100.0,142.2,69.9,7.9,150.0,4,330.0,1,42.0,5
2020-08-13 18:28:39.116202,2020-08-13,2,Unieuro,Android,Samsung,Galaxy S10e SM-G970F/DS,449.0,779.0,6,128.0,Dual SIM ibrida,Si,Si,Black,Dynamic AMOLED,5.8,No,3100.0,142.2,69.9,7.9,150.0,4,330.0,1,42.0,5
2020-08-13 18:29:52.820779,2020-08-13,2,Unieuro,Android,ASUS,ZENFONE 5 Z,349.0,599.0,8,256.0,Dual SIM ibrida,Si,Si,Blue,IPS,6.2,No,3300.0,7.7,153.0,75.65,165.0,3,250.0,1,42.0,5
2020-08-13 18:30:29.775785,2020-08-13,2,Unieuro,Android,ASUS,ZenFone 4 SIM singola 4G 64GB Nero,119.0,199.9,4,64.0,Mono SIM,Si,Si,Black,IPS,5.5,TIM,3300.0,155.4,75.2,7.7,155.0,1,80.9,1,40.0,4
2020-08-13 18:31:14.810190,2020-08-13,2,Unieuro,Android,Samsung,Galaxy S10+ SM-G975F/DS,759.0,1279.0,8,512.0,Dual SIM ibrida,Si,Si,Black,Dynamic AMOLED,6.4,No,4100.0,157.6,74.1,7.8,198.0,7,520.0,1,41.0,5
2020-08-13 18:32:23.408429,2020-08-13,2,Unieuro,Android,Motorola,moto g⁷ power,139.0,229.99,4,64.0,N.d,Si,Si,Black,LTPS,6.2,No,5000.0,159.43,76.0,9.3,193.0,1,90.99000000000001,1,40.0,4
2020-08-13 18:33:04.680077,2020-08-13,2,Unieuro,Android,ASUS,ZenFone max pro M2 ZB631KL-4D087EU 16,199.0,319.99,6,128.0,Dual SIM,Si,Si,Blue,IPS,6.3,No,5000.0,157.9,75.5,8.5,175.0,1,120.99000000000001,1,38.0,4
2020-08-13 18:33:53.918629,2020-08-13,2,Unieuro,Android,LG,Q60,159.0,249.9,3,64.0,Dual SIM,Si,Si,Blue,IPS,6.26,No,3500.0,161.3,77.0,8.7,172.0,1,90.9,1,36.0,4
2020-08-13 18:34:33.419150,2020-08-13,2,Unieuro,Android,Honor,View 20,399.0,599.0,8,256.0,Dual SIM,Si,Si,Blue,N.d,6.4,No,4000.0,156.9,75.4,8.1,180.0,3,200.0,1,33.0,4
2020-08-13 18:35:02.514223,2020-08-13,2,Unieuro,Android,ASUS,ZenFone Max Pro (M2) ZB631KL-4D067EU 16,199.0,299.99,6,64.0,Dual SIM,Si,Si,Blue,IPS,6.3,No,5000.0,157.9,75.5,8.5,175.0,1,100.99000000000001,1,34.0,4
2020-08-13 18:35:46.846278,2020-08-13,2,Unieuro,Android,ASUS,ZenFone Max Pro (M2) ZB631KL-4J068EU,199.0,299.99,6,64.0,Dual SIM,Si,Si,Titanium,IPS,6.3,No,5000.0,157.9,75.5,8.5,175.0,1,100.99000000000001,1,34.0,4
2020-08-13 18:36:31.893955,2020-08-13,2,Unieuro,Android,Huawei,P smart Z,189.9,279.9,4,64.0,Dual SIM ibrida,Si,Si,Black,LTPS,6.59,No,4000.0,163.5,77.3,8.8,196.8,1,89.99999999999997,1,32.0,4
2020-08-13 18:37:05.286793,2020-08-13,2,Unieuro,Android,ASUS,ZenFone ZB602KL-4A143EU,179.0,259.99,4,128.0,Dual SIM,Si,Si,Black,IPS,6,No,5000.0,8.45,159.0,76.0,180.0,1,80.99000000000001,1,31.0,4
2020-08-13 18:37:41.773781,2020-08-13,2,Unieuro,Android,Meizu,M6T,89.99,129.99,2,16.0,Dual SIM,Si,N.d,Blue,LTPS,5.7,No,3300.0,152.3,73.0,8.4,145.0,1,40.000000000000014,1,31.0,4
2020-08-13 18:38:10.705836,2020-08-13,2,Unieuro,Android,Motorola,one Action 16,199.0,279.99,4,128.0,Dual SIM,Si,Si,Blue,IPS,6.3,No,3500.0,160.1,71.2,9.15,181.0,1,80.99000000000001,1,28.999999999999996,3
2020-08-13 18:38:46.749811,2020-08-13,2,Unieuro,Android,Samsung,Galaxy A30s,199.0,279.0,4,64.0,Dual SIM,Si,N.d,Black,SAMOLED,6.4,No,4000.0,158.5,74.7,7.8,169.0,1,80.0,1,28.999999999999996,3
2020-08-13 18:39:34.996582,2020-08-13,2,Unieuro,Android,ASUS,ZenFone Max M2 ZB633KL-4A124EU smartphone,149.0,199.99,4,64.0,Dual SIM,Si,Si,Black,IPS,6.3,No,4000.0,158.0,76.0,7.7,160.0,1,50.99000000000001,1,25.0,3
2020-08-13 18:40:17.114317,2020-08-13,2,Unieuro,Android,Samsung,Galaxy S8+ 4G 64GB Orchid grey,299.0,399.0,4,64.0,Mono SIM,Si,Si,Orchid grey,SAMOLED,6.2,No,3500.0,159.5,73.4,8.1,173.0,2,100.0,1,25.0,3
2020-08-13 18:41:01.910887,2020-08-13,2,Unieuro,Android,Samsung,Galaxy S8+ 4G 64GB Midnight black,299.0,399.0,4,64.0,Mono SIM,Si,Si,Midnight Black,SAMOLED,6.2,No,3500.0,159.5,73.4,8.1,173.0,2,100.0,1,25.0,3
2020-08-13 18:41:48.481467,2020-08-13,2,Unieuro,Android,Honor,10,149.0,199.0,4,64.0,Dual SIM,Si,Si,Black,IPS,5.84,No,3400.0,149.6,71.2,7.7,153.0,1,50.0,1,25.0,3
2020-08-13 18:42:44.369815,2020-08-13,2,Unieuro,Android,ASUS,ZenFone Max (M1),119.0,159.99,3,32.0,Dual SIM,Si,Si,Gold,IPS,5.5,No,4000.0,147.3,70.9,8.7,150.0,1,40.99000000000001,1,26.0,3
2020-08-13 18:43:18.994340,2020-08-13,2,Unieuro,Android,Huawei,Y5 2019,109.0,139.9,2,16.0,Dual SIM,Si,Si,Black,IPS,5.71,No,3020.0,147.13,70.78,8.45,146.0,1,30.900000000000006,1,22.0,3
2020-08-13 18:43:49.337533,2020-08-13,2,Unieuro,Android,Huawei,P20 Pro,259.0,329.0,6,128.0,N.d,Si,Si,Blue,OLED,6.1,Vodafone,4000.0,155.0,73.9,7.8,180.0,2,70.0,1,21.0,3
2020-08-13 18:44:53.277855,2020-08-13,2,Unieuro,Android,ASUS,ZenFone Max Pro M1,159.0,199.99,4,64.0,Dual SIM,Si,Si,Silver,IPS,6,No,5000.0,159.0,76.0,8.45,180.0,1,40.99000000000001,1,20.0,2
2020-08-13 18:45:30.590742,2020-08-13,2,Unieuro,Android,Huawei,P Smart 2019,159.0,199.9,3,64.0,Dual SIM ibrida,Si,Si,Blue,LTPS,6.21,No,3400.0,155.2,73.4,7.95,160.0,1,40.900000000000006,1,20.0,2
2020-08-13 18:46:04.169308,2020-08-13,2,Unieuro,Android,ASUS,ZenFone 6 ZS630KL,449.0,559.0,6,128.0,Dual SIM,Si,Si,Black,IPS,6.4,No,5000.0,159.1,75.44,9.1,190.0,4,110.0,1,20.0,2
2020-08-13 18:46:46.813859,2020-08-13,2,Unieuro,Android,ASUS,ZenFone Max Pro M2 ZB631KL-4J097EU,179.0,219.99,4,64.0,Dual SIM,Si,Si,Titanium,IPS,6.3,No,5000.0,157.9,75.5,8.5,175.0,1,40.99000000000001,1,19.0,2
2020-08-13 18:47:27.248034,2020-08-13,2,Unieuro,Android,LG,G7 ThinQ SIM singola 4G 64GB Nero,219.0,269.9,4,64.0,Mono SIM,Si,Si,Black,N.d,6.1,No,3000.0,153.2,71.9,7.9,162.0,2,50.89999999999998,1,19.0,2
2020-08-13 18:48:09.518374,2020-08-13,2,Unieuro,Android,Oppo,Reno Z,179.0,219.0,4,128.0,Dual SIM,Si,Si,Purple,AMOLED,6.4,No,4035.0,157.3,74.9,9.1,186.0,1,40.0,1,18.0,2
2020-08-13 18:48:48.119583,2020-08-13,2,Unieuro,Android,Oppo,Reno Z,179.0,219.0,4,128.0,Dual SIM,Si,Si,Black,AMOLED,6.4,No,4035.0,157.3,74.9,9.1,186.0,1,40.0,1,18.0,2
2020-08-13 18:49:29.332168,2020-08-13,2,Unieuro,Android,Samsung,Galaxy S7 Black 32GB Nero,149.0,179.9,,32.0,Mono SIM,N.d,Si,Black,SAMOLED,5.1,No,3000.0,142.4,69.6,7.9,152.0,1,30.900000000000006,1,17.0,2
2020-08-13 18:49:54.904194,2020-08-13,2,Unieuro,Android,Oppo,RX17 Pro Radiant Mist,249.0,299.0,6,128.0,N.d,Si,Si,Blue,AMOLED,6.4,No,3700.0,157.6,74.6,7.9,183.0,2,50.0,1,17.0,2
2020-08-13 18:50:29.235097,2020-08-13,2,Unieuro,Android,Oppo,Reno,249.0,299.0,6,256.0,Dual SIM,Si,Si,Green,AMOLED,6.4,No,3765.0,156.6,74.3,9.0,185.0,2,50.0,1,17.0,2
2020-08-13 18:51:02.098540,2020-08-13,2,Unieuro,Android,Honor,VIEW 10 Lite 16.5,219.0,259.9,4,128.0,N.d,N.d,N.d,Black,N.d,6.5,TIM,3750.0,160.4,76.6,7.8,175.0,2,40.89999999999998,1,16.0,2
2020-08-13 18:51:26.760020,2020-08-13,2,Unieuro,Android,LG,Q Stylus,139.0,159.99,3,32.0,Mono SIM,Si,Si,Black,IPS,6.2,No,3300.0,160.15,77.75,8.4,172.0,1,20.99000000000001,1,13.0,2
2020-08-13 18:52:12.109940,2020-08-13,2,Unieuro,Android,Samsung,Galaxy S20 Ultra,1299.0,1379.0,12,128.0,Dual SIM,Si,Si,Grey,Dynamic AMOLED,6.9,No,5000.0,166.9,76.0,8.8,220.0,9,80.0,1,6.0,1
2020-08-13 18:53:01.713496,2020-08-13,2,Unieuro,Android,Honor,View 10 Lite 6.5 Doppia SIM Blu,199.0,199.0,4,128.0,Dual SIM,Si,Si,Blue,N.d,6.5,No,3750.0,160.4,76.6,7.8,178.0,1,0.0,0,0.0,1
2020-08-13 18:53:44.919311,2020-08-13,2,Unieuro,Android,Honor,View 10 Lite 6.5 Doppia SIM,199.0,199.0,4,128.0,Dual SIM,Si,Si,Black,N.d,6.5,No,3750.0,160.4,76.6,7.8,178.0,1,0.0,0,0.0,1
2020-08-13 18:54:28.256690,2020-08-13,2,Unieuro,Android,LG,V30,199.0,199.0,4,64.0,Mono SIM,Si,Si,Blue,OLED,6,Vodafone,3300.0,151.7,75.4,7.3,158.0,1,0.0,0,0.0,1
2020-08-13 18:55:24.738285,2020-08-13,2,Unieuro,Android,LG,V30,249.0,249.0,4,64.0,Mono SIM,Si,Si,Silver,OLED,6,No,3300.0,151.7,75.4,7.3,158.0,2,0.0,0,0.0,1
2020-08-13 18:56:26.439087,2020-08-13,2,Unieuro,Android,LG,K10 2017 (M250N) SIM singola 4G 16GB Nero,69.9,69.9,2,16.0,Mono SIM,Si,Si,Black,IPS,5.3,Vodafone,,148.7,75.3,7.9,144.0,1,0.0,0,0.0,1
2020-08-13 18:57:10.319181,2020-08-13,2,Unieuro,Android,LG,Q6 M700A,129.99,129.99,3,32.0,Mono SIM,Si,Si,Platinum,IPS,5.5,Vodafone,3000.0,142.5,69.3,8.1,149.0,1,0.0,0,0.0,1
2020-08-13 18:57:54.882164,2020-08-13,2,Unieuro,Android,LG,K4 2017,79.99,79.99,1,8.0,N.d,Si,N.d,Black,IPS,5,TIM,2500.0,144.7,72.6,7.9,138.0,1,0.0,0,0.0,1
2020-08-13 18:58:18.731436,2020-08-13,2,Unieuro,Android,LG,K9 LMX210EMW Doppia SIM 4G 16GB Nero,79.0,79.0,2,16.0,Dual SIM,Si,Si,Black,IPS,5,No,2500.0,146.3,73.2,8.2,152.0,1,0.0,0,0.0,1
2020-08-13 18:59:01.221116,2020-08-13,2,Unieuro,Android,LG,K4 (2017) SIM singola 4G 8GB Nero,69.9,69.9,1,8.0,Mono SIM,Si,Si,Black,IPS,5,Vodafone,2500.0,144.7,72.6,7.9,135.0,1,0.0,0,0.0,1
2020-08-13 18:59:53.410435,2020-08-13,2,Unieuro,Android,Huawei,P40 Pro+,1399.0,1399.0,8,512.0,Dual SIM,Si,Si,White,OLED,6.58,No,4200.0,158.2,72.6,9.0,226.0,9,0.0,0,0.0,1
2020-08-13 19:00:33.487067,2020-08-13,2,Unieuro,Android,LG,K11,79.9,79.9,2,16.0,N.d,Si,Si,"Black, Gold",IPS,5.3,No,3000.0,148.7,75.3,8.68,162.0,1,0.0,0,0.0,1
2020-08-13 19:01:15.303894,2020-08-13,2,Unieuro,Android,Samsung,Galaxy A70,349.9,349.9,6,128.0,Dual SIM,Si,Si,Black,SAMOLED,6.7,No,4500.0,164.3,76.7,7.9,183.0,3,0.0,0,0.0,1
2020-08-13 19:02:09.021781,2020-08-13,2,Unieuro,Android,Huawei,Y6 2019,119.0,139.9,2,32.0,Dual SIM,Si,Si,Black,IPS,6.09,No,3020.0,156.28,73.5,8.0,150.0,1,20.900000000000006,1,15.0,2
2020-08-13 19:02:43.929992,2020-08-13,2,Unieuro,Android,Huawei,Y6 2019,119.0,139.9,2,32.0,Dual SIM,Si,Si,Brown,IPS,6.09,No,3020.0,156.28,73.5,8.0,150.0,1,20.900000000000006,1,15.0,2
2020-08-13 19:03:23.793905,2020-08-13,2,Unieuro,Android,Huawei,Y6 2019,119.0,139.9,2,32.0,Dual SIM,Si,Si,Blue,IPS,6.09,No,3020.0,156.28,73.5,8.0,150.0,1,20.900000000000006,1,15.0,2
2020-08-13 19:04:00.894597,2020-08-13,2,Unieuro,Android,ASUS,ZenFone L1,89.99,89.99,,,Dual SIM,Si,Si,Gold,IPS,5.5,No,3000.0,147.26,71.77,8.15,140.0,1,0.0,0,0.0,1
2020-08-13 19:04:35.928648,2020-08-13,2,Unieuro,Android,LG,K20,89.9,89.9,1,16.0,Dual SIM ibrida,Si,Si,Black,TFT,5.45,No,3000.0,148.6,71.9,8.3,153.0,1,0.0,0,0.0,1
2020-08-13 19:05:17.713523,2020-08-13,2,Unieuro,Android,Samsung,Galaxy A70,349.9,349.9,6,128.0,Dual SIM,Si,Si,White,SAMOLED,6.7,No,4500.0,164.3,76.7,7.9,183.0,3,0.0,0,0.0,1
2020-08-13 19:06:14.252110,2020-08-13,2,Unieuro,Android,Oppo,Find X2 Pro 17,1149.0,1199.0,12,512.0,Dual SIM,Si,N.d,Black,OLED,6.7,No,4260.0,165.2,74.4,8.8,217.0,9,50.0,1,4.0,1
2020-08-13 19:06:44.596501,2020-08-13,2,Unieuro,Android,Xiaomi,Redmi Note 7 16,179.9,179.9,4,64.0,Dual SIM ibrida,Si,Si,Black,IPS,6.3,No,4000.0,159.21,75.21,8.1,186.0,1,0.0,0,0.0,1
2020-08-13 19:07:25.396769,2020-08-13,2,Unieuro,Android,Samsung,Galaxy SM-A307F,209.0,279.9,4,64.0,Dual SIM,Si,N.d,Black,SAMOLED,6.4,No,4000.0,158.5,74.7,7.8,169.0,2,70.89999999999998,1,25.0,3
2020-08-13 19:08:15.728707,2020-08-13,2,Unieuro,Android,Xiaomi,Mi Note 10,599.9,599.9,6,128.0,Dual SIM,Si,Si,White,AMOLED,6.47,No,5260.0,157.8,74.2,9.67,208.0,5,0.0,0,0.0,1
2020-08-13 19:09:02.881003,2020-08-13,2,Unieuro,Android,Moto,G8 Plus 16,199.0,269.0,4,64.0,Dual SIM ibrida,Si,Si,Blue,LTPS,6.3,WindTre,4000.0,158.35,75.8,9.09,188.0,1,70.0,1,26.0,3
2020-08-13 19:09:42.978071,2020-08-13,2,Unieuro,Android,LG,K50,139.9,139.9,3,32.0,Dual SIM,Si,Si,Black,IPS,6.26,No,3500.0,161.3,77.0,8.7,172.0,1,0.0,0,0.0,1
2020-08-13 19:10:30.675143,2020-08-13,2,Unieuro,Android,Xiaomi,Mi Note 10,449.9,449.9,6,128.0,Dual SIM,Si,Si,Green,AMOLED,6.47,No,5260.0,157.8,74.2,9.67,208.0,4,0.0,0,0.0,1
2020-08-13 19:11:20.189108,2020-08-13,2,Unieuro,Android,Samsung,Galaxy S8 4G 64GB Gold,329.9,329.9,4,64.0,N.d,Si,Si,Gold,SAMOLED,5.8,No,3000.0,148.9,68.1,8.0,155.0,3,0.0,0,0.0,1
2020-08-13 19:11:59.053904,2020-08-13,2,Unieuro,Android,Oppo,AX7,169.0,169.0,4,64.0,Dual SIM,Si,Si,Blue,N.d,6.2,No,4230.0,155.9,75.4,8.1,168.0,1,0.0,0,0.0,1
2020-08-13 19:12:33.441919,2020-08-13,2,Unieuro,Android,Nokia,3.1,89.0,129.9,2,16.0,N.d,Si,Si,Black,IPS,5.2,No,2990.0,146.25,68.65,8.7,138.3,1,40.900000000000006,1,31.0,4
2020-08-13 19:13:17.969465,2020-08-13,2,Unieuro,Linux,Nokia,8110,56.47,79.99,0.5,4.0,Dual SIM,Si,Si,Black,N.d,2.45,No,1500.0,133.45,49.3,14.9,117.0,1,23.519999999999996,1,28.999999999999996,3
2020-08-13 19:13:44.664507,2020-08-13,2,Unieuro,Android,Xiaomi,Redmi 8,132.0,169.9,4,64.0,Dual SIM,Si,Si,Black,IPS,6.22,No,5000.0,156.5,75.4,9.4,188.0,1,37.900000000000006,1,22.0,3
2020-08-13 19:14:21.950146,2020-08-13,2,Unieuro,Android,Honor,9X,189.0,229.0,4,128.0,Dual SIM ibrida,Si,Si,Black,IPS,6.59,No,4000.0,163.5,77.3,8.8,196.8,1,40.0,1,17.0,2
2020-08-13 19:15:04.627082,2020-08-13,2,Unieuro,Android,Honor,9X,188.0,229.0,4,128.0,Dual SIM ibrida,Si,Si,Blue,IPS,6.59,No,4000.0,163.5,77.3,8.8,196.8,1,41.0,1,18.0,2
2020-08-13 19:15:42.468943,2020-08-13,2,Unieuro,Android,Honor,10 Lite,149.0,179.9,3,64.0,Dual SIM,Si,Si,Blue,LTPS,6.21,No,3400.0,154.8,73.64,7.95,162.0,1,30.900000000000006,1,17.0,2
2020-08-13 19:16:26.125830,2020-08-13,2,Unieuro,Android,Huawei,nova 5T,299.0,339.0,6,128.0,Dual SIM,Si,Si,Black,IPS,6.26,No,3750.0,154.25,73.97,7.87,174.0,2,40.0,1,12.0,2
2020-08-13 19:17:09.943712,2020-08-13,2,Unieuro,Android,Honor,7S,88.25,99.9,2,16.0,Dual SIM,Si,Si,Blue,IPS,5.45,No,3020.0,146.5,70.9,8.3,142.0,1,11.650000000000006,1,12.0,2
2020-08-13 19:17:40.040308,2020-08-13,2,Unieuro,Android,Huawei,P20 Lite,199.0,219.9,4,64.0,Dual SIM,Si,Si,Black,TFT-LCD,5.84,No,3000.0,148.6,71.2,7.4,145.0,1,20.900000000000006,1,10.0,1
2020-08-13 19:18:28.368758,2020-08-13,2,Unieuro,Android,SONY,Xperia XA1 Ultra,147.0,149.9,4,32.0,Mono SIM,Si,Si,White,IPS,6,No,2700.0,165.0,79.0,8.1,188.0,1,2.9000000000000057,1,2.0,1
2020-08-13 19:19:30.110394,2020-08-13,2,Unieuro,Android,SONY,Xperia E5,78.99,79.9,1.5,16.0,Mono SIM,Si,Si,Black,IPS,5,No,2300.0,144.0,69.0,8.2,147.0,1,0.9100000000000108,1,1.0,1
2020-08-13 19:20:22.114487,2020-08-13,2,Unieuro,Android,Xiaomi,Mi Note 10 Pro,599.9,599.9,8,256.0,Dual SIM,Si,Si,Black,AMOLED,6.47,No,5260.0,157.8,74.2,9.67,208.0,5,0.0,0,0.0,1
2020-08-13 19:21:12.369964,2020-08-13,2,Unieuro,Android,Huawei,P20,249.0,249.0,4,128.0,Dual SIM,Si,Si,Black,TFT-LCD,5.8,No,3400.0,149.1,70.8,7.65,165.0,2,0.0,0,0.0,1
2020-08-13 19:22:05.815454,2020-08-13,2,Unieuro,Android,Samsung,Galaxy S9 SM-G960F/DS,329.0,329.0,4,64.0,N.d,Si,Si,Polaris Blue,SAMOLED,5.8,No,3000.0,147.7,68.7,8.5,163.0,3,0.0,0,0.0,1
2020-08-13 19:22:59.291169,2020-08-13,2,Unieuro,Android,LG,K50,139.9,139.9,3,32.0,Dual SIM,Si,Si,Blue,IPS,6.26,No,3500.0,161.3,77.0,8.7,172.0,1,0.0,0,0.0,1
2020-08-13 19:23:47.379368,2020-08-13,2,Unieuro,Android,Huawei,Mate 20 Pro,499.0,499.0,6,128.0,N.d,Si,Si,Midnight Blue,OLED,6.39,No,4200.0,157.8,72.3,8.6,189.0,4,0.0,0,0.0,1
2020-08-13 19:24:38.033627,2020-08-13,2,Unieuro,Android,Nokia,3.2,139.9,139.9,2,16.0,N.d,Si,Si,Black,TFT,6.26,No,4000.0,159.44,76.24,8.6,181.0,1,0.0,0,0.0,1
2020-08-13 19:25:10.506692,2020-08-13,2,Unieuro,Android,Huawei,Y7 2019,149.9,149.9,3,32.0,Dual SIM,Si,Si,Blue,N.d,6.26,No,4000.0,158.92,76.91,8.95,168.0,1,0.0,0,0.0,1
2020-08-13 19:25:37.745858,2020-08-13,2,Unieuro,Android,Honor,Play 16,179.0,179.0,4,64.0,Dual SIM ibrida,Si,Si,Blue,IPS,6.3,No,3750.0,157.91,74.27,7.48,176.0,1,0.0,0,0.0,1
2020-08-13 19:26:18.793081,2020-08-13,2,Unieuro,Android,Honor,Play 6.3 Dual SIM Nero,179.0,179.0,4,64.0,Dual SIM ibrida,Si,Si,Black,IPS,6.3,No,3750.0,157.91,74.27,7.48,176.0,1,0.0,0,0.0,1
2020-08-13 19:27:10.110739,2020-08-13,2,Unieuro,Android,Xiaomi,Mi 9,329.0,329.0,6,128.0,Dual SIM,Si,Si,Blue,AMOLED,6.39,No,3300.0,157.5,74.67,7.61,173.0,3,0.0,0,0.0,1
2020-08-13 19:27:48.604521,2020-08-13,2,Unieuro,Android,Xiaomi,Mi 9 lite,249.9,249.9,6,64.0,Dual SIM,Si,Si,Grey,AMOLED,6.39,No,4030.0,156.8,74.5,8.67,179.0,2,0.0,0,0.0,1
2020-08-13 19:28:27.925203,2020-08-13,2,Unieuro,Android,Xiaomi,Mi 9 Lite,249.9,249.9,6,128.0,N.d,Si,Si,Blue,AMOLED,6.39,Vodafone,4030.0,156.6,74.5,8.67,179.0,2,0.0,0,0.0,1
2020-08-13 19:29:02.837573,2020-08-13,2,Unieuro,Android,Huawei,P20 Pro,329.0,329.0,6,128.0,Dual SIM,Si,Si,Black,AMOLED,6.1,No,4000.0,155.0,73.9,7.8,180.0,3,0.0,0,0.0,1
2020-08-13 19:30:05.452177,2020-08-13,2,Unieuro,Android,Samsung,Galaxy A40 15,219.0,219.0,4,64.0,Dual SIM,Si,Si,Coral,SAMOLED,5.9,TIM,3100.0,144.4,69.2,7.9,140.0,2,0.0,0,0.0,1
2020-08-13 19:30:52.552849,2020-08-13,2,Unieuro,Android,Oppo,A3 Moonlight Silver,169.0,169.0,4,128.0,Dual SIM,Si,Si,Silver,N.d,6.2,No,3400.0,156.0,75.3,7.8,159.0,1,0.0,0,0.0,1
2020-08-13 19:31:21.829077,2020-08-13,2,Unieuro,Android,Oppo,A3 Diamond Black,169.0,169.0,4,128.0,Dual SIM,Si,Si,Black,N.d,6.2,No,3400.0,156.0,75.3,7.8,159.0,1,0.0,0,0.0,1
2020-08-13 19:31:52.697532,2020-08-13,2,Unieuro,Android,Samsung,Galaxy A40 15,219.0,219.0,4,64.0,Dual SIM,Si,Si,Black,SAMOLED,5.9,No,3100.0,144.4,69.2,7.9,140.0,2,0.0,0,0.0,1
2020-08-13 19:32:36.472598,2020-08-13,2,Unieuro,Android,Honor,7X,149.9,149.9,4,64.0,Dual SIM ibrida,Si,Si,"Black, Grey",IPS,5.93,No,3340.0,156.5,75.3,7.6,165.0,1,0.0,0,0.0,1
2020-08-13 19:33:31.629767,2020-08-13,2,Unieuro,Android,Wiko,View2,99.99,99.99,3,32.0,Dual SIM ibrida,Si,Si,Gold,IPS,6,No,3000.0,154.5,72.0,8.3,153.0,1,0.0,0,0.0,1
2020-08-13 19:34:15.344309,2020-08-13,2,Unieuro,Android,Wiko,View2,99.99,99.99,3,32.0,Dual SIM ibrida,Si,Si,Anthracite,IPS,6,No,3000.0,154.5,72.0,8.3,153.0,1,0.0,0,0.0,1
2020-08-13 19:35:03.570650,2020-08-13,2,Unieuro,Android,Samsung,Galaxy S8 64GB Orchid Gray,399.9,399.9,4,64.0,Mono SIM,Si,Si,Grey,SAMOLED,5.8,TIM,3000.0,148.9,68.1,8.0,155.0,3,0.0,0,0.0,1
2020-08-13 19:35:49.669572,2020-08-13,2,Unieuro,Android,Samsung,Galaxy S8 64GB Blu,399.9,399.9,4,64.0,N.d,Si,Si,Blue,SAMOLED,5.8,TIM,3000.0,148.9,68.1,8.0,155.0,3,0.0,0,0.0,1
2020-08-13 19:36:32.934348,2020-08-13,2,Unieuro,Android,Samsung,Galaxy S8+ 4G 64GB Arctic silver,399.0,399.0,4,64.0,Mono SIM,Si,Si,Arctic silver,SAMOLED,6.2,No,3500.0,159.5,73.4,8.1,173.0,3,0.0,0,0.0,1
2020-08-13 19:37:20.313537,2020-08-13,2,Unieuro,Android,Xiaomi,Mi 9,329.0,329.0,6,128.0,Dual SIM,Si,Si,Black,AMOLED,6.39,No,3300.0,157.5,74.67,7.61,173.0,3,0.0,0,0.0,1
2020-08-13 19:38:09.254436,2020-08-13,2,Unieuro,Android,Samsung,Galaxy J6+ J6+,129.0,129.0,3,32.0,Mono SIM,Si,Si,Grey,TFT,6,No,3300.0,161.4,76.9,7.9,178.0,1,0.0,0,0.0,1
2020-08-13 19:39:01.516556,2020-08-13,2,Unieuro,Android,Samsung,Galaxy J6+ SM-J610,129.9,129.9,3,32.0,Mono SIM,Si,Si,Black,TFT,6,No,3300.0,161.4,76.9,7.9,178.0,1,0.0,0,0.0,1
2020-08-13 19:39:43.311431,2020-08-13,2,Unieuro,Android,Samsung,Galaxy J4+,119.9,119.9,2,32.0,Dual SIM,Si,Si,Pink,TFT,6,No,3300.0,161.4,76.9,7.9,178.0,1,0.0,0,0.0,1
2020-08-13 19:40:31.954040,2020-08-13,2,Unieuro,Android,Oppo,RX17 Neo Mocha Red,189.0,189.0,4,128.0,N.d,Si,N.d,Red,AMOLED,6.41,No,3600.0,158.3,75.5,7.4,156.0,1,0.0,0,0.0,1
2020-08-13 19:41:05.606576,2020-08-13,2,Unieuro,Android,Huawei,Mate 20 lite,199.0,199.0,4,64.0,Dual SIM ibrida,Si,Si,Blue,IPS,6.3,No,3750.0,158.3,75.3,7.6,172.0,1,0.0,0,0.0,1
2020-08-13 19:41:37.267063,2020-08-13,2,Unieuro,Android,Huawei,Mate 20 lite,199.0,199.0,4,64.0,Dual SIM ibrida,Si,Si,Black,IPS,6.3,No,3750.0,158.3,75.3,7.6,172.0,1,0.0,0,0.0,1
2020-08-13 19:42:15.193053,2020-08-13,2,Unieuro,Android,Wiko,Y60,69.99,69.99,1,16.0,Dual SIM,Si,Si,Gold,N.d,5.45,No,2500.0,146.8,71.8,9.3,177.7,1,0.0,0,0.0,1
2020-08-13 19:42:48.752226,2020-08-13,2,Unieuro,Android,Wiko,Y60,69.99,69.99,1,16.0,Dual SIM,Si,Si,Blue,N.d,5.45,No,2500.0,146.8,71.8,9.3,177.7,1,0.0,0,0.0,1
2020-08-13 19:43:16.584872,2020-08-13,2,Unieuro,Android,Huawei,Y6 2018,89.9,89.9,2,16.0,Dual SIM,Si,Si,Gold,IPS,5.7,TIM,3000.0,152.4,73.0,7.8,150.0,1,0.0,0,0.0,1
2020-08-13 19:43:56.473867,2020-08-13,2,Unieuro,Android,Samsung,Galaxy A6+ A6+ Dual SIM,199.9,199.9,3,32.0,Dual SIM,Si,Si,Black,SAMOLED,6,No,3500.0,160.2,75.7,7.9,191.0,1,0.0,0,0.0,1
2020-08-13 19:44:53.206919,2020-08-13,2,Unieuro,Android,Samsung,Galaxy A6 Dual SIM,179.9,179.9,3,32.0,Dual SIM,Si,Si,Lavender,SAMOLED,5.6,No,3000.0,149.9,70.8,7.7,162.0,1,0.0,0,0.0,1
2020-08-13 19:45:41.743095,2020-08-13,2,Unieuro,Android,Xiaomi,Mi A3,199.9,199.9,4,64.0,Dual SIM,Si,Si,White,AMOLED,6.088,No,4030.0,153.48,71.85,8.475,173.8,1,0.0,0,0.0,1
2020-08-13 19:46:27.916428,2020-08-13,2,Unieuro,Android,Xiaomi,Mi A3,199.9,199.9,4,64.0,Dual SIM,Si,Si,Grey,AMOLED,6.088,No,4030.0,153.48,71.85,8.475,173.8,1,0.0,0,0.0,1
2020-08-13 19:47:06.674960,2020-08-13,2,Unieuro,Android,Xiaomi,Mi A3,199.9,199.9,4,64.0,Dual SIM,Si,Si,Blue,AMOLED,6.088,No,4030.0,153.48,71.85,8.475,173.8,1,0.0,0,0.0,1
2020-08-13 19:47:55.452819,2020-08-13,2,Unieuro,Android,Samsung,Galaxy A9 (2018) 16,279.0,279.0,6,128.0,N.d,Si,Si,Blue,SAMOLED,6.3,TIM,3800.0,162.5,77.0,7.8,183.0,2,0.0,0,0.0,1
2020-08-13 19:48:45.680736,2020-08-13,2,Unieuro,Android,Samsung,Galaxy J6,99.9,99.9,3,32.0,Dual SIM,Si,N.d,Black,SAMOLED,5.6,No,3000.0,149.3,70.2,8.2,154.0,1,0.0,0,0.0,1
2020-08-13 19:49:17.903518,2020-08-13,2,Unieuro,Android,Honor,7X,149.9,149.9,4,64.0,Dual SIM ibrida,Si,Si,"Black, Blue",IPS,5.93,No,3340.0,156.5,75.3,7.6,165.0,1,0.0,0,0.0,1
2020-08-13 19:50:03.067254,2020-08-13,2,Unieuro,Android,Wiko,Sunny 3,59.99,59.99,0.5,8.0,Dual SIM,Si,Si,Red,TN,5,No,2000.0,146.7,74.0,9.95,140.0,1,0.0,0,0.0,1
2020-08-13 19:50:33.457052,2020-08-13,2,Unieuro,Android,Wiko,Sunny 3,59.99,59.99,0.512,8.0,Dual SIM,Si,Si,Black,TN,5,No,2000.0,146.7,74.0,9.95,140.0,1,0.0,0,0.0,1
2020-08-13 19:51:10.895200,2020-08-13,2,Unieuro,Android,Samsung,Galaxy J6,129.9,129.9,3,32.0,Dual SIM,Si,N.d,"Black, Gold",SAMOLED,5.6,No,3000.0,149.3,70.2,8.2,154.0,1,0.0,0,0.0,1
2020-08-13 19:51:53.958321,2020-08-13,2,Unieuro,Android,Samsung,Galaxy Xcover 4,219.9,219.9,2,16.0,Mono SIM,Si,Si,Black,TFT,5,No,2800.0,146.2,73.3,9.7,172.0,2,0.0,0,0.0,1
2020-08-13 19:52:38.962216,2020-08-13,2,Unieuro,Android,ASUS,ROG Phone II ZS660KL-1A050EU,699.0,699.0,8,128.0,Dual SIM,Si,Si,Black,AMOLED,6.59,No,6000.0,170.99,77.6,9.48,240.0,6,0.0,0,0.0,1
2020-08-13 19:53:25.041941,2020-08-13,2,Unieuro,Android,Wiko,upulse 14,99.99,99.99,3,32.0,Dual SIM,Si,Si,Red,IPS,5.5,No,3000.0,153.5,77.5,8.5,167.0,1,0.0,0,0.0,1
2020-08-13 19:54:10.705066,2020-08-13,2,Unieuro,Android,Wiko,View 2 Pro,139.99,139.99,4,64.0,Dual SIM ibrida,Si,Si,Anthracite,IPS,6,No,3000.0,153.0,72.6,8.3,164.0,1,0.0,0,0.0,1
2020-08-13 19:54:58.236574,2020-08-13,2,Unieuro,Android,Nokia,2.2,109.99,109.99,2,16.0,N.d,Si,Si,Black,TFT,5.71,No,3000.0,145.96,70.56,9.3,153.0,1,0.0,0,0.0,1
2020-08-13 19:55:31.614561,2020-08-13,2,Unieuro,Android,Huawei,Y 6 2018,79.9,79.9,2,16.0,Mono SIM,Si,Si,Black,N.d,5.7,Vodafone,3000.0,152.4,73.0,7.8,150.0,1,0.0,0,0.0,1
2020-08-13 19:56:00.410438,2020-08-13,2,Unieuro,Android,Huawei,Y6,119.9,119.9,2,16.0,Dual SIM,Si,Si,Black,N.d,5.7,No,3000.0,152.4,73.0,7.8,150.0,1,0.0,0,0.0,1
2020-08-13 19:56:31.301616,2020-08-13,2,Unieuro,Android,Xiaomi,Mi 8 lite,159.9,159.9,4,64.0,Dual SIM,Si,Si,Black,N.d,6.26,No,3350.0,156.4,75.8,7.5,169.0,1,0.0,0,0.0,1
2020-08-13 19:57:10.515306,2020-08-13,2,Unieuro,Android,Wiko,Lenny 5,69.0,69.0,1,16.0,Dual SIM,Si,Si,Anthracite,IPS,5.7,No,2800.0,153.5,74.0,9.2,185.0,1,0.0,0,0.0,1
2020-08-13 19:57:46.066034,2020-08-13,2,Unieuro,Android,Wiko,Harry2,79.99,79.99,2,16.0,Dual SIM,Si,Si,Turquoise,IPS,5.45,No,2900.0,147.6,71.3,8.4,150.0,1,0.0,0,0.0,1
2020-08-13 19:58:36.993752,2020-08-13,2,Unieuro,Android,Huawei,Mate 20 Pro,499.0,499.0,6,128.0,N.d,Si,Si,Black,OLED,6.39,No,4200.0,157.8,72.3,8.6,189.0,4,0.0,0,0.0,1
2020-08-13 19:59:19.630434,2020-08-13,2,Unieuro,Android,LG,K40,119.9,119.9,2,32.0,Dual SIM,Si,Si,Grey,IPS,5.7,No,3000.0,153.0,71.9,8.3,144.0,1,0.0,0,0.0,1
2020-08-13 20:00:02.272872,2020-08-13,2,Unieuro,Android,Archos,Access 57 (4G),59.0,59.0,1,16.0,Dual SIM,Si,N.d,Blue,TN,5.7,No,2400.0,157.0,74.9,10.2,171.0,1,0.0,0,0.0,1
2020-08-13 20:00:41.979048,2020-08-13,2,Unieuro,Android,LG,K9,79.9,79.9,2,16.0,Dual SIM,Si,Si,Black,IPS,5,Vodafone,2500.0,146.3,73.2,8.2,152.0,1,0.0,0,0.0,1
2020-08-13 20:01:28.126274,2020-08-13,2,Unieuro,Android,Huawei,Mate 10 Lite 4G 64GB Nero,179.9,179.9,4,64.0,N.d,Si,Si,Black,IPS,5.9,TIM,3340.0,156.2,75.2,7.5,164.0,1,0.0,0,0.0,1
2020-08-13 20:02:10.766710,2020-08-13,2,Unieuro,Android,ASUS,ZenFone L1,89.99,89.99,,,Dual SIM,Si,Si,Black,IPS,5.5,No,3000.0,147.26,71.77,8.15,140.0,1,0.0,0,0.0,1
2020-08-13 20:02:49.125079,2020-08-13,2,Unieuro,Android,Wiko,View3,139.99,139.99,3,64.0,Dual SIM,Si,Si,Blue,IPS,6.26,No,4000.0,159.0,76.5,8.2,178.0,1,0.0,0,0.0,1
2020-08-13 20:03:28.067918,2020-08-13,2,Unieuro,Android,LG,G7 Fit,159.9,159.9,4,32.0,Dual SIM,Si,Si,Black,IPS,6.1,No,3000.0,153.2,71.9,7.9,160.0,1,0.0,0,0.0,1
2020-08-13 20:04:15.650135,2020-08-13,2,Unieuro,Android,Archos,Access 50 3G,39.0,39.0,1,8.0,Dual SIM,Si,N.d,Black,TN,5,No,2000.0,143.7,70.9,9.5,,1,0.0,0,0.0,1
2020-08-13 20:04:39.720152,2020-08-13,2,Unieuro,Android,Xiaomi,Redmi 6A,99.9,99.9,2,16.0,Dual SIM,Si,Si,Black,N.d,5.45,No,3000.0,147.5,71.5,8.3,145.0,1,0.0,0,0.0,1
2020-08-13 20:05:02.300435,2020-08-13,2,Unieuro,Android,Xiaomi,Redmi 9A,120.9,120.9,2,32.0,Dual SIM,Si,N.d,Grey,IPS,6.53,No,5000.0,164.9,77.07,9.0,,1,0.0,0,0.0,1
2020-08-13 20:05:29.753378,2020-08-13,2,Unieuro,Android,Wiko,Sunny 3 Mini,54.99,54.99,0.512,8.0,Dual SIM,Si,Si,Black,TN,4,No,1400.0,125.0,64.6,10.3,113.0,1,0.0,0,0.0,1
2020-08-13 20:06:00.250897,2020-08-13,2,Unieuro,Android,Huawei,Y 6 2018,89.9,89.9,2,16.0,Mono SIM,Si,Si,Black,N.d,5.7,TIM,3000.0,152.4,73.0,7.8,150.0,1,0.0,0,0.0,1
2020-08-13 20:06:27.922422,2020-08-13,2,Unieuro,Android,Motorola,Razr,1599.9,1599.9,6,128.0,Mono SIM,Si,Si,Black,P-OLED,6.2,TIM,2510.0,172.0,72.0,6.9,205.0,9,0.0,0,0.0,1
2020-08-13 20:06:57.628711,2020-08-13,2,Unieuro,Android,Honor,8A,149.9,149.9,3,32.0,N.d,Si,Si,Black,IPS,6.09,TIM,3020.0,156.28,73.5,8.0,150.0,1,0.0,0,0.0,1
2020-08-13 20:07:28.568867,2020-08-13,2,Unieuro,Android,Samsung,Galaxy A10,159.99,159.99,2,32.0,Dual SIM,Si,Si,Black,TFT,6.2,No,3400.0,155.6,75.6,7.9,168.0,1,0.0,0,0.0,1
2020-08-13 20:08:15.639228,2020-08-13,2,Unieuro,Android,Huawei,Y5 2019,99.0,99.0,2,16.0,Dual SIM,Si,Si,Blue,IPS,5.71,Vodafone,3020.0,147.13,70.78,8.45,146.0,1,0.0,0,0.0,1
2020-08-13 20:08:46.824976,2020-08-13,2,Unieuro,Android,LG,Q7 14,139.99,139.99,3,32.0,Dual SIM,Si,Si,Black,IPS,5.5,Vodafone,3000.0,143.8,69.3,8.4,145.0,1,0.0,0,0.0,1
2020-08-13 20:09:33.602187,2020-08-13,2,Unieuro,Android,Huawei,P20 Lite,219.9,219.9,4,64.0,Mono SIM,Si,Si,"Black, Blue",TFT-LCD,5.84,No,3000.0,148.6,71.2,7.4,145.0,2,0.0,0,0.0,1
2020-08-13 20:10:24.479476,2020-08-13,2,Unieuro,Android,Samsung,Galaxy A6 32,169.0,169.0,3,32.0,Mono SIM,Si,Si,Black,SAMOLED,5.6,Vodafone,3000.0,149.9,70.8,7.7,162.0,1,0.0,0,0.0,1
2020-08-13 20:11:13.984502,2020-08-13,2,Unieuro,Android,Samsung,Galaxy A10 Nero,159.9,159.9,2,32.0,Dual SIM,Si,Si,Black,TFT,6.2,Vodafone,3400.0,155.6,75.6,7.9,168.0,1,0.0,0,0.0,1
2020-08-13 20:12:00.605449,2020-08-13,2,Unieuro,Android,ASUS,ZenFone 3 ZC553KL-4G032WW 14,99.99,99.99,3,32.0,Dual SIM,Si,Si,Gold,IPS,5.5,No,4100.0,151.4,76.24,8.3,175.0,1,0.0,0,0.0,1
2020-08-13 20:12:31.795999,2020-08-13,2,Unieuro,Android,ASUS,ROG Phone 3,1099.0,1099.0,16,512.0,Dual SIM,Si,N.d,Black,AMOLED,6.59,No,6000.0,171.0,78.0,9.85,240.0,9,0.0,0,0.0,1
2020-08-13 20:13:10.098653,2020-08-13,2,Unieuro,Android,ASUS,ROG Phone 3,999.0,999.0,12,512.0,Dual SIM,Si,N.d,Black,AMOLED,6.59,No,6000.0,171.0,78.0,9.85,240.0,9,0.0,0,0.0,1
